1
86 3562
74 47 45
33 40 17
83 74 49
11 5 11
18 14 48
20 31 76
18 50 70
33 14 39
25 55 54
15 79 60
72 62 100
38 85 73
15 64 30
75 58 76
70 23 86
32 23 48
11 51 48
73 77 99
26 56 100
36 75 5
54 22 88
80 46 97
9 57 41
21 5 51
76 12 90
53 35 76
56 81 89
43 23 62
46 70 7
62 64 74
2 34 61
13 40 79
67 28 63
69 16 36
1 11 52
39 65 80
15 12 92
73 19 8
6 16 87
4 8 69
61 4 38
55 41 11
3 56 100
28 15 30
78 45 75
16 36 66
28 45 26
13 73 94
45 64 65
6 28 63
49 16 68
40 52 72
21 18 94
50 56 90
34 11 12
48 19 88
22 7 92
69 66 25
49 41 61
60 81 4
78 52 85
20 67 88
59 65 33
79 86 4
60 78 17
39 26 45
86 10 95
46 80 11
20 74 94
41 68 4
46 7 32
26 85 35
70 26 35
59 14 13
2 37 74
58 12 99
29 28 88
42 71 31
71 57 92
18 75 19
58 62 77
30 79 56
49 7 67
15 20 52
32 4 73
72 12 5
11 25 1
6 21 75
9 62 1
83 30 3
59 54 38
79 33 11
15 5 45
82 43 36
30 28 88
9 36 57
59 57 63
41 22 12
28 54 19
6 24 64
61 57 67
41 81 67
70 33 26
42 38 83
8 67 39
32 35 21
55 83 93
38 26 87
71 47 73
26 69 87
17 13 81
36 83 83
20 10 4
60 75 40
19 60 87
1 16 15
38 21 59
27 34 77
75 9 25
86 49 40
83 82 78
76 74 52
47 5 21
19 50 50
82 9 94
6 41 57
70 35 34
5 24 14
7 85 40
43 77 74
2 84 9
39 32 97
52 77 9
24 78 38
23 13 53
52 8 33
24 18 61
49 86 44
57 29 38
47 30 7
13 8 29
83 42 6
78 44 22
4 51 5
33 48 41
22 85 11
26 64 20
31 83 29
47 59 23
83 68 12
75 18 61
68 79 29
43 84 64
48 4 79
71 3 37
67 21 81
70 53 96
44 24 47
8 84 28
56 42 74
46 29 32
34 18 17
26 23 12
34 58 97
80 1 65
84 29 87
48 23 85
75 23 11
60 30 77
12 56 44
45 19 49
40 67 34
39 46 45
71 75 23
61 59 63
15 7 83
32 4 81
25 69 19
38 41 48
28 34 97
62 30 95
70 77 72
51 48 61
33 48 100
72 17 100
22 1 36
9 30 100
29 21 90
63 32 88
63 37 44
17 86 88
32 48 57
78 21 71
59 2 7
16 1 84
71 57 97
45 77 41
25 10 88
41 10 91
36 17 93
51 46 31
63 36 13
16 39 68
7 47 93
57 38 95
34 42 18
18 59 26
8 32 23
25 29 79
44 40 82
62 38 75
10 18 77
74 52 9
49 86 20
8 77 69
67 3 3
30 21 86
59 37 45
12 58 20
11 17 20
29 34 13
61 27 4
79 55 57
82 57 98
58 31 58
60 70 42
29 33 70
30 25 17
50 4 11
71 57 15
81 53 60
82 60 51
31 7 18
54 70 69
56 57 34
74 51 90
21 63 59
7 35 100
31 68 35
35 22 67
68 37 83
64 70 6
73 24 18
63 75 39
54 37 83
47 4 83
65 52 68
74 22 90
11 50 89
18 4 67
31 42 58
17 4 10
82 9 81
46 11 1
46 44 57
33 3 72
11 49 77
8 77 22
43 2 64
71 33 40
12 9 26
15 22 54
2 51 14
10 17 51
5 32 98
21 72 64
44 31 2
33 45 40
10 33 16
45 23 11
13 69 21
68 63 99
75 37 69
13 52 34
79 3 82
21 9 76
80 10 78
11 79 1
50 40 71
80 35 99
50 86 64
17 22 48
81 86 31
26 42 74
6 68 84
15 80 28
5 25 75
28 42 11
20 54 27
5 26 11
17 64 45
72 69 95
40 22 23
77 10 19
41 29 70
37 21 22
63 75 43
2 41 14
85 23 43
65 63 59
83 7 8
8 62 69
28 20 75
6 78 63
28 19 73
47 81 71
17 38 15
51 70 69
52 86 8
60 56 8
8 41 31
24 31 49
35 86 26
8 25 41
74 34 59
6 39 58
41 20 11
49 13 6
81 78 48
5 44 69
28 43 6
60 14 62
27 72 28
37 45 44
3 39 16
34 27 30
36 19 99
51 8 37
47 12 83
15 32 85
84 76 25
1 54 30
28 24 53
50 86 10
25 56 32
22 25 73
55 68 69
79 64 46
74 61 34
10 74 24
48 26 1
36 38 88
42 70 15
76 74 20
55 32 1
25 54 23
38 36 83
54 31 90
44 13 100
35 55 44
34 51 11
23 79 17
33 22 57
67 77 59
41 86 29
15 42 62
44 46 28
43 10 94
65 25 49
60 37 5
4 18 20
45 61 52
23 52 77
7 30 57
74 55 99
65 44 82
36 57 56
41 16 82
65 81 53
77 66 28
44 52 63
59 30 9
17 36 74
64 56 42
36 33 16
66 42 83
36 30 99
3 24 33
79 6 22
51 6 10
19 18 78
45 34 100
81 32 61
53 37 57
36 40 32
70 54 59
27 19 75
20 82 71
14 30 3
27 79 39
71 33 31
64 70 94
85 55 60
62 37 23
47 8 46
27 35 48
80 78 19
58 73 58
41 62 14
78 67 6
73 1 33
77 40 24
63 22 37
60 66 31
58 59 65
37 66 89
72 84 30
5 69 40
2 72 27
28 4 84
39 56 50
13 69 2
19 16 61
11 49 57
54 4 34
67 58 15
61 16 91
12 14 54
30 60 47
24 56 37
85 63 77
19 29 46
24 10 90
73 65 72
17 50 86
12 38 47
21 43 1
65 17 22
72 1 18
66 78 68
82 67 93
12 60 64
74 39 100
83 15 94
86 18 71
9 35 32
44 12 52
39 74 47
4 78 74
23 75 90
16 33 46
25 2 47
66 16 77
17 69 64
72 35 67
44 58 74
14 75 35
18 82 31
7 10 87
78 82 100
84 66 20
63 45 66
56 13 56
5 4 37
80 52 61
55 42 1
53 60 24
1 10 11
29 43 50
67 23 20
20 33 65
14 32 55
32 60 15
23 34 61
75 41 15
3 63 93
48 17 52
53 47 44
25 83 55
45 75 91
78 81 2
16 29 98
24 58 94
7 49 59
22 2 14
26 38 64
84 60 23
60 61 51
12 48 18
41 38 85
21 67 73
81 75 88
73 67 47
59 7 9
86 62 19
3 34 95
83 4 4
63 84 52
79 22 62
81 13 4
70 26 21
14 55 15
76 63 21
8 24 60
64 48 13
7 16 78
82 1 86
5 18 89
74 80 59
8 7 70
43 68 12
82 4 31
56 4 95
73 38 39
46 58 68
9 37 22
22 18 44
53 35 45
38 62 21
64 45 86
8 81 93
72 15 2
36 12 71
4 76 26
36 47 1
42 63 68
65 15 77
22 44 92
16 38 46
23 26 65
15 85 34
39 69 20
44 26 61
14 49 43
59 21 58
66 59 7
49 43 11
31 35 74
49 43 85
14 9 31
42 24 79
31 44 39
75 67 53
63 4 100
36 39 56
37 38 61
20 35 59
22 83 86
19 78 82
63 9 79
39 37 66
23 81 29
3 45 24
77 67 99
27 52 18
85 3 73
47 41 64
70 80 63
44 80 38
66 31 3
48 32 55
22 55 9
15 66 72
65 38 16
52 24 7
85 42 24
9 47 81
55 15 80
33 71 35
66 60 17
30 1 55
83 71 46
35 67 38
9 15 36
34 43 20
29 82 66
70 74 62
26 82 20
73 85 16
68 67 30
72 57 53
29 72 95
32 64 79
39 35 47
4 63 21
6 11 19
28 59 36
13 32 65
27 31 44
60 45 16
54 40 59
15 1 37
27 4 53
62 2 82
81 62 33
37 84 30
17 42 48
10 19 45
35 82 52
42 58 65
80 10 84
33 74 90
37 5 93
73 70 29
52 44 60
7 60 82
71 29 79
63 47 87
51 24 59
10 51 88
22 48 37
55 82 75
20 28 52
3 54 29
75 65 19
14 82 54
68 47 32
4 58 30
86 49 32
28 68 92
30 33 78
57 70 93
30 46 17
38 61 6
19 83 30
57 22 4
68 41 98
62 75 16
18 73 93
32 62 16
23 8 77
9 79 4
16 30 25
58 39 65
40 46 55
12 3 37
49 15 7
21 62 94
49 4 69
58 14 38
65 26 99
18 11 11
49 83 3
39 22 11
50 8 5
35 12 31
20 22 29
43 15 5
4 11 85
45 9 44
68 3 31
58 77 21
38 4 17
28 20 61
36 17 56
52 71 37
59 23 58
58 25 80
62 43 77
72 58 72
59 67 43
54 30 94
51 43 34
82 65 27
4 1 9
9 38 20
67 8 32
29 48 72
66 2 39
9 14 93
49 58 23
67 22 64
33 51 11
60 52 14
13 50 14
31 38 72
39 9 38
51 6 77
81 20 74
13 65 87
75 23 45
20 40 15
28 23 29
2 16 17
23 76 34
64 86 95
27 66 69
18 26 39
40 35 86
34 59 18
58 68 36
36 58 16
16 55 93
75 51 86
15 13 45
81 55 59
86 53 63
73 76 9
28 35 92
63 69 78
77 5 5
24 67 60
80 81 9
72 28 83
7 55 81
1 59 16
51 32 86
43 23 22
58 74 91
83 32 59
73 62 65
70 34 81
44 66 27
29 58 92
46 54 12
33 62 19
22 54 97
50 26 3
18 33 94
48 10 68
64 48 46
67 85 20
67 72 64
21 35 45
75 81 59
78 67 58
66 57 31
45 55 98
54 52 3
50 66 6
79 62 34
40 25 91
53 49 100
79 46 97
40 72 52
22 4 31
62 65 43
31 23 80
47 52 20
72 18 31
58 10 76
30 12 18
25 79 15
71 55 24
37 44 48
74 1 38
81 60 90
30 86 71
61 76 11
12 36 57
39 46 48
7 66 52
68 57 43
49 59 26
24 62 93
75 27 36
8 12 49
73 65 88
42 31 11
77 60 83
18 78 97
21 20 51
74 13 52
49 51 2
29 73 56
67 78 10
48 22 17
49 53 85
44 80 59
50 77 24
41 12 73
80 5 32
53 13 100
77 49 78
1 76 53
32 62 54
81 10 44
2 53 32
73 9 23
23 2 54
39 32 72
83 23 51
65 9 29
30 38 54
41 83 61
78 25 70
30 57 27
85 2 40
33 56 60
71 28 8
6 80 92
70 82 67
5 81 94
14 42 5
61 50 17
44 34 43
86 31 63
65 78 87
33 86 55
57 35 24
20 22 22
81 77 63
71 2 79
53 67 9
75 71 52
3 29 4
14 77 19
84 76 15
44 81 85
45 23 60
74 65 23
62 66 27
64 6 52
46 23 37
8 74 15
57 74 9
21 68 37
16 20 74
25 44 31
38 70 81
77 73 16
41 32 78
8 36 21
24 18 19
36 68 71
30 28 100
18 42 82
3 5 46
29 46 5
33 60 4
65 17 100
71 20 29
53 27 54
60 16 17
51 12 90
36 42 35
44 37 90
84 50 92
61 71 33
7 53 68
11 63 49
54 69 100
78 57 86
61 84 23
78 76 82
39 29 11
19 20 92
27 78 65
11 74 15
42 79 84
63 18 16
34 66 50
68 83 69
50 26 97
78 46 90
12 57 23
3 77 44
36 50 92
33 46 86
34 65 40
14 64 94
29 82 41
31 49 19
29 12 88
83 3 55
69 62 58
81 45 47
26 17 85
64 13 92
5 2 78
33 23 20
81 60 88
31 59 29
27 6 54
13 9 93
55 18 69
16 53 55
39 78 73
64 25 44
45 71 27
58 31 50
52 75 38
42 75 82
49 62 40
22 15 62
7 9 75
54 12 56
63 73 76
11 67 37
11 37 13
43 32 5
35 55 69
21 59 69
77 26 13
47 83 40
44 78 3
64 63 37
48 62 68
33 71 38
53 9 22
12 49 32
74 28 27
30 54 20
19 3 90
27 67 5
81 82 32
34 43 6
63 26 69
1 77 35
83 15 79
66 31 43
11 67 16
67 22 49
54 64 93
73 10 27
30 78 69
45 73 77
24 45 83
63 70 70
8 13 23
64 70 56
76 77 14
28 60 91
54 55 36
65 62 29
27 80 79
47 60 91
1 16 71
68 3 81
25 78 79
30 81 58
52 81 16
29 74 45
80 82 34
46 80 2
20 28 15
38 48 84
58 26 14
6 85 93
20 56 100
84 54 16
29 6 52
57 44 2
43 8 79
47 60 38
83 42 59
80 1 1
76 85 72
63 68 38
20 47 88
30 64 92
1 37 38
18 66 74
61 8 90
40 10 34
5 61 65
30 28 29
10 12 75
48 24 92
45 1 7
13 12 22
13 53 41
53 18 66
73 81 89
32 44 15
52 3 31
12 25 92
3 36 24
22 67 18
73 37 91
84 2 35
6 73 29
11 12 24
13 24 99
27 41 78
57 64 67
57 55 28
38 35 29
83 69 69
37 60 30
21 8 95
32 83 10
80 52 89
22 17 9
61 33 34
10 38 40
83 64 7
13 52 89
86 1 82
43 58 24
13 60 62
38 15 17
63 16 2
31 7 71
31 41 91
59 33 58
32 38 60
37 53 25
20 27 27
11 13 82
7 37 65
71 10 53
35 20 23
80 29 12
52 6 70
74 55 62
30 57 46
13 12 64
67 28 100
41 61 8
31 82 49
23 83 33
46 50 98
26 19 50
67 73 84
27 38 49
2 67 26
6 77 61
67 70 75
33 85 13
62 18 18
14 69 76
51 34 89
79 74 57
40 2 93
72 32 67
23 46 50
5 83 21
18 15 13
83 4 9
23 2 59
62 18 4
26 14 18
2 6 97
70 8 31
83 71 99
15 14 95
9 64 27
2 6 63
60 47 22
16 69 27
34 5 75
31 70 94
67 72 87
58 17 15
40 49 72
69 17 96
80 45 57
51 84 65
70 75 49
64 3 21
50 33 29
25 19 69
83 67 35
52 8 10
76 49 41
85 77 20
55 54 40
16 78 46
33 11 60
47 85 3
77 62 38
41 15 37
62 6 38
61 29 73
6 30 68
76 83 81
12 55 48
71 60 22
75 39 79
50 34 85
28 52 58
33 60 33
10 5 77
13 3 64
54 26 80
12 45 66
63 33 5
58 20 30
42 38 14
61 83 93
9 30 76
67 62 37
47 64 96
32 59 30
28 80 89
30 68 51
22 61 85
68 14 70
83 10 31
28 16 77
55 62 19
76 74 5
10 37 68
13 28 67
77 26 77
51 79 24
62 35 84
20 54 39
26 68 92
36 25 68
72 23 31
7 3 46
57 3 61
41 64 56
6 72 54
40 20 28
57 16 38
12 59 34
70 14 67
34 19 11
33 30 38
32 74 31
4 50 14
47 70 61
12 10 82
34 37 76
83 27 34
79 65 64
53 20 66
36 56 6
32 39 85
58 77 14
57 62 92
3 43 17
7 15 44
22 17 92
23 25 44
12 63 99
31 83 34
29 70 70
65 11 7
2 57 79
45 9 26
25 42 8
75 70 27
32 63 43
51 66 78
44 3 32
1 52 15
85 66 79
51 8 5
63 26 13
50 78 20
50 58 47
81 79 92
45 37 22
46 79 73
6 27 55
52 81 57
61 78 54
54 13 39
14 70 13
50 35 65
58 82 18
48 58 99
72 52 64
38 15 12
60 73 88
40 65 91
77 35 51
26 78 26
14 3 83
5 4 63
26 78 60
79 25 3
37 4 95
62 37 73
44 76 49
58 41 34
85 56 91
80 24 95
81 70 18
51 15 26
77 62 32
37 4 72
47 56 25
57 38 25
23 76 49
40 51 4
20 47 11
24 40 42
45 66 40
18 42 16
82 56 16
4 44 97
20 23 46
86 8 49
68 51 14
16 24 73
52 72 17
70 58 8
23 37 52
23 76 41
69 52 1
62 75 43
8 22 81
63 61 86
55 6 26
47 54 35
52 74 7
7 38 60
85 44 5
24 8 81
4 56 69
78 82 84
70 33 22
11 74 53
78 42 97
65 26 21
45 47 24
10 35 44
61 29 12
17 85 54
76 42 46
12 51 24
19 51 55
70 24 31
49 79 73
15 28 14
30 62 66
33 72 1
70 30 53
36 25 95
20 57 92
49 44 16
63 4 65
49 66 32
27 73 75
61 67 40
68 43 62
54 32 32
74 65 61
19 18 51
75 28 23
41 69 14
21 84 78
58 52 9
24 66 70
64 67 7
78 22 2
32 59 44
30 83 50
2 36 28
36 69 57
66 9 23
10 71 32
16 7 40
81 33 10
54 23 73
19 13 91
54 41 65
2 21 14
35 68 46
84 19 36
32 20 39
24 33 34
26 42 5
54 83 6
74 59 50
70 63 42
67 32 35
58 82 97
6 74 64
1 8 30
12 30 27
25 74 52
18 81 66
52 41 17
26 65 3
67 4 69
28 43 63
27 36 29
35 66 46
9 76 48
18 42 89
23 81 40
41 7 26
25 27 95
79 69 91
57 25 8
76 3 57
82 26 17
24 39 7
35 17 44
52 47 31
41 80 73
56 23 41
36 25 53
8 48 30
42 13 4
27 46 76
76 30 30
78 52 31
64 23 98
59 76 72
65 40 23
42 64 13
9 80 33
62 11 22
63 74 26
58 37 11
6 32 29
83 76 87
45 29 84
35 50 20
86 13 58
17 56 47
1 45 48
28 85 34
75 83 18
34 78 23
52 22 69
72 83 50
43 78 7
2 56 73
54 7 51
47 55 44
8 47 49
17 39 2
24 38 94
46 51 59
84 16 94
39 15 42
76 35 4
18 70 90
36 53 88
59 11 61
70 20 95
60 13 88
37 23 32
6 15 25
29 2 10
82 23 97
85 39 92
83 80 18
30 5 64
16 72 81
20 71 68
15 64 63
19 65 7
73 56 18
44 1 44
62 22 69
43 44 91
20 69 78
6 27 70
45 41 45
16 76 80
12 17 65
46 40 94
62 33 81
73 81 28
31 35 96
31 46 17
47 28 75
50 32 57
15 65 86
16 66 27
31 74 54
1 23 46
35 26 71
36 35 51
15 2 12
9 82 68
70 22 42
45 73 90
24 12 43
73 25 84
11 64 24
60 18 57
83 53 19
45 59 86
65 50 16
58 64 8
65 11 98
47 22 69
57 41 37
77 75 54
46 77 58
1 69 39
2 12 12
59 24 55
85 33 29
77 54 35
70 10 88
38 61 60
5 39 99
69 45 55
73 57 64
46 72 14
14 81 21
24 50 86
83 33 7
66 61 49
86 47 24
61 34 6
44 18 12
84 31 58
5 21 41
40 35 52
29 47 50
59 81 39
77 7 51
35 80 91
34 1 14
44 13 43
21 81 84
84 29 53
84 26 78
27 62 32
3 69 72
54 65 77
58 84 30
1 82 100
52 39 76
67 76 54
8 26 13
63 38 40
36 6 47
65 64 3
62 66 6
76 65 17
2 39 77
54 59 63
24 4 5
23 2 23
73 62 83
70 17 76
84 67 50
9 74 21
47 19 61
79 41 64
86 34 21
47 60 16
79 48 23
6 63 25
24 11 45
5 84 34
11 64 87
14 62 2
45 44 93
70 9 77
7 81 55
56 57 35
7 19 46
43 76 84
59 40 99
10 27 34
73 7 78
33 37 28
42 83 62
30 56 38
79 59 66
69 71 52
5 17 18
56 30 71
55 51 19
64 73 47
65 26 70
71 63 49
25 61 73
21 22 28
18 64 51
66 61 43
27 64 29
27 4 14
78 54 26
41 54 27
85 83 1
17 50 68
74 38 45
63 31 80
18 76 30
45 68 88
46 38 64
70 57 77
32 23 10
36 3 94
74 76 10
7 62 68
12 70 76
67 80 33
2 35 28
38 17 44
1 23 35
74 47 93
19 55 70
49 62 55
36 19 61
61 81 31
46 47 28
6 13 15
23 4 8
18 80 24
79 17 86
21 30 91
59 52 38
31 3 30
42 71 52
63 65 16
11 5 30
66 11 89
12 78 100
66 3 85
13 20 90
54 5 50
53 60 9
13 34 62
13 16 70
39 43 66
18 27 72
66 34 88
60 13 34
70 67 54
75 68 36
86 37 18
42 64 16
82 31 29
26 15 90
26 76 31
34 33 85
19 3 81
57 69 70
61 39 8
83 72 16
61 43 77
39 11 1
44 74 64
64 20 19
84 29 75
1 35 76
75 25 29
49 59 61
46 8 14
47 2 8
29 49 25
58 66 13
21 33 47
31 18 81
51 63 29
2 67 68
24 42 40
59 33 32
31 67 41
6 4 36
13 72 94
71 2 82
79 43 52
80 41 58
40 17 16
54 16 39
8 55 33
55 59 47
80 2 67
44 16 60
60 58 55
32 1 82
11 29 4
2 63 53
32 70 98
36 47 27
11 19 24
24 62 96
50 31 73
19 71 10
25 77 79
53 71 81
4 62 50
14 45 66
52 10 22
58 51 64
53 19 38
12 1 59
58 40 47
3 85 7
69 72 9
25 27 90
14 45 47
63 66 45
72 37 97
70 73 53
34 6 6
79 52 78
57 16 20
26 80 28
32 18 45
58 35 85
53 67 51
7 12 2
28 13 5
35 73 42
15 69 97
74 65 27
37 1 2
82 18 72
57 63 41
33 8 53
4 38 35
54 79 54
15 59 27
29 18 12
29 71 40
32 1 52
50 59 76
20 64 26
41 33 100
34 16 5
9 36 77
30 11 95
70 79 17
22 20 59
3 41 73
71 20 94
14 24 45
80 78 55
12 21 82
39 58 29
83 29 82
68 69 57
51 69 49
70 44 10
5 68 44
69 31 23
60 6 83
81 80 34
20 28 6
38 60 37
17 1 11
15 54 41
85 42 55
84 80 72
66 73 83
64 8 14
40 84 54
64 30 76
15 63 87
16 79 57
70 42 72
72 51 94
67 60 88
48 23 46
7 86 80
60 30 54
1 68 96
46 44 88
12 31 64
56 83 24
18 48 33
1 2 14
19 49 55
77 83 50
59 30 3
54 53 41
59 83 55
72 26 42
44 53 22
74 21 27
39 26 83
29 24 12
43 86 25
74 38 78
20 46 56
49 69 18
6 16 68
55 12 40
1 38 64
48 79 79
65 85 4
19 58 30
21 79 31
36 52 37
44 36 28
1 24 7
63 3 94
74 30 39
82 58 66
74 58 63
10 67 96
86 51 34
60 30 99
50 62 55
50 29 19
49 80 10
50 6 27
72 13 47
84 12 75
7 50 79
34 78 17
52 45 54
71 27 66
58 40 29
50 39 14
83 50 85
23 77 49
43 18 41
47 19 44
6 81 95
72 23 17
18 39 86
33 12 17
73 24 11
65 40 76
24 56 59
9 74 52
49 21 46
48 45 65
7 85 70
57 38 75
86 81 67
23 56 37
2 48 28
53 35 74
54 20 57
34 83 15
10 60 70
55 70 3
85 81 35
47 75 47
1 50 32
83 10 75
18 7 51
49 8 95
58 7 36
4 27 47
35 86 85
66 62 7
24 64 15
1 75 59
38 65 30
4 46 46
25 62 49
1 69 76
77 60 29
21 53 40
64 49 44
24 76 31
50 14 46
69 24 25
46 53 42
20 37 43
25 17 96
20 66 44
54 8 83
30 33 15
19 77 20
47 56 39
38 78 88
26 29 56
17 54 37
83 73 33
60 15 95
31 35 83
15 65 67
57 63 85
18 27 88
82 2 75
58 61 60
23 26 74
16 35 26
31 55 39
5 39 55
22 82 84
46 9 48
67 17 25
25 73 71
46 50 58
20 3 78
44 34 26
64 9 54
81 73 89
5 79 51
29 74 24
14 79 91
21 25 41
16 39 25
40 71 92
84 21 97
20 72 21
81 1 20
25 64 54
16 47 94
25 63 76
40 27 15
60 28 81
16 34 6
49 23 37
43 18 80
64 44 76
33 11 36
56 29 7
6 33 33
37 68 29
35 45 26
82 34 50
4 47 46
57 25 100
33 37 91
80 33 64
55 67 69
86 26 13
25 75 99
16 62 60
69 34 12
31 30 57
81 73 50
39 60 83
29 11 83
85 67 67
20 40 92
67 20 64
85 24 66
17 68 20
61 20 28
72 51 90
3 10 40
3 68 95
58 35 38
38 79 16
81 35 64
37 36 8
9 30 31
39 83 76
43 63 19
5 42 83
46 41 40
19 30 59
48 62 74
86 66 33
20 86 61
30 27 81
66 26 38
28 53 56
57 67 48
27 33 72
47 39 45
65 19 22
78 70 32
62 10 54
67 66 79
5 67 92
50 51 55
33 3 35
12 60 74
34 20 29
6 44 68
24 18 95
69 3 50
56 63 74
11 8 27
53 34 28
61 15 24
83 60 11
77 78 82
77 26 47
24 57 20
40 60 50
49 66 25
26 66 65
47 75 96
13 44 71
31 49 29
17 55 24
59 14 19
40 10 88
34 11 99
18 72 3
75 19 3
80 5 18
81 2 10
51 63 94
44 12 99
9 17 88
55 36 92
30 3 6
71 80 92
6 9 2
10 47 17
78 31 100
39 73 41
19 65 98
6 60 1
49 2 55
60 37 17
12 52 10
27 63 97
69 46 71
50 44 96
34 13 17
55 58 4
53 20 95
23 2 49
19 56 46
84 48 55
60 55 31
56 14 74
70 31 37
84 7 42
84 53 35
5 36 77
11 62 58
34 11 68
21 62 68
70 12 6
85 13 3
5 67 40
18 44 93
12 19 77
33 63 46
19 84 93
65 77 39
85 30 34
76 30 78
86 29 84
85 48 83
58 66 34
65 55 40
49 13 36
63 78 92
69 68 56
76 33 66
78 37 27
61 65 85
64 66 4
31 62 71
56 65 43
51 61 97
30 18 79
18 58 98
83 61 98
70 22 30
43 63 86
31 13 11
11 85 39
28 58 78
79 27 5
46 72 99
26 31 27
27 21 45
48 30 27
62 39 36
69 60 54
58 83 95
44 30 97
64 46 44
3 71 79
29 84 33
35 1 86
51 42 47
80 5 74
55 76 85
14 65 66
56 71 7
17 54 38
82 49 72
35 33 69
36 6 33
33 16 4
18 64 31
33 18 21
14 83 29
18 9 15
39 29 14
80 36 49
62 64 76
35 80 27
69 47 47
79 73 86
72 71 1
75 17 49
38 23 2
2 4 34
5 72 9
20 10 26
5 75 36
41 73 75
3 20 2
53 46 65
79 29 77
3 60 67
52 63 44
31 74 34
57 8 12
26 78 81
55 83 28
42 28 40
39 9 11
53 62 81
36 44 14
85 9 41
4 54 40
54 27 37
33 52 33
58 34 84
20 84 79
9 50 34
10 2 41
80 52 50
44 83 2
56 51 95
2 55 40
77 9 9
4 25 93
9 21 62
57 65 100
23 76 27
41 50 92
46 32 13
59 64 13
78 63 80
70 32 74
5 6 93
67 49 30
59 35 13
47 33 51
67 53 20
22 20 20
13 62 45
79 84 72
9 56 93
82 54 94
30 51 49
79 75 50
36 55 87
4 44 35
40 35 76
86 57 29
74 4 46
6 46 10
51 30 27
50 72 31
48 65 58
31 66 23
1 33 94
41 34 32
49 58 84
59 52 38
76 25 47
13 73 67
78 40 74
43 65 32
16 47 99
49 6 21
22 76 89
70 8 32
79 47 6
24 5 96
51 23 65
45 62 40
67 63 51
9 53 47
73 9 90
58 63 23
65 24 93
57 6 52
76 24 73
43 31 38
21 81 32
79 54 71
69 53 89
46 27 94
10 56 43
60 74 14
22 20 50
42 2 5
5 24 80
56 51 32
38 7 6
58 32 57
78 50 32
73 3 58
37 15 91
14 82 40
18 35 5
50 7 86
62 37 8
64 7 17
59 8 82
44 82 38
47 83 84
78 67 2
71 59 95
59 82 66
79 57 11
61 10 7
33 20 17
46 18 34
55 6 31
65 76 2
75 4 79
48 75 66
57 1 94
43 77 79
5 54 20
40 84 14
79 28 29
64 21 30
12 21 59
79 69 72
68 2 33
33 55 99
83 59 22
23 67 44
44 11 43
1 5 77
8 74 3
57 70 34
59 78 98
56 73 91
39 43 16
65 14 46
11 18 20
49 64 47
7 8 96
52 63 53
32 76 57
31 54 25
22 17 65
61 53 31
73 19 80
44 72 11
52 75 97
77 15 49
9 76 94
21 35 92
64 1 85
35 37 75
17 66 25
5 29 70
55 71 80
80 51 97
59 83 28
59 48 79
37 13 31
2 4 54
10 18 88
3 73 8
8 61 48
82 38 65
31 32 3
78 24 65
35 72 49
45 7 76
20 80 62
22 85 44
47 53 94
26 39 74
27 20 57
9 53 29
14 45 54
18 72 64
23 34 18
5 82 73
76 66 86
31 13 82
76 66 10
12 37 65
24 28 63
76 66 95
27 59 51
2 17 17
18 67 78
72 34 82
25 28 85
53 58 85
41 18 9
52 3 99
57 70 24
80 7 83
77 69 16
5 80 74
84 72 90
77 66 27
48 80 63
11 30 27
30 40 42
35 84 11
48 4 18
53 36 50
77 1 32
49 85 42
56 29 67
2 67 68
3 57 15
33 8 88
40 14 31
60 15 98
65 10 91
59 14 38
48 51 88
21 66 48
86 51 63
82 64 23
73 86 5
13 31 4
58 35 58
30 19 81
7 64 11
37 23 40
18 56 68
81 53 16
29 19 71
86 6 58
74 18 60
21 18 38
57 12 40
75 81 52
44 47 40
13 12 62
58 32 15
63 60 75
20 43 37
46 15 2
8 25 92
4 48 28
2 37 92
13 2 12
35 62 7
11 31 56
44 24 88
53 21 60
18 50 95
61 46 58
46 38 93
66 82 60
66 45 2
69 40 71
8 35 28
25 72 70
83 25 90
73 43 17
20 78 8
7 24 74
55 15 30
13 29 13
24 25 74
63 5 32
28 48 100
79 4 50
17 26 12
19 83 68
70 62 49
26 12 41
51 73 51
77 11 48
53 68 22
84 50 75
37 54 45
54 59 25
1 19 71
24 56 52
1 43 72
62 80 85
64 60 53
36 37 70
64 49 88
3 74 96
39 49 28
10 41 22
62 38 7
80 67 98
56 3 41
6 69 21
71 14 16
83 23 48
2 46 51
11 68 11
67 37 15
28 70 35
80 67 79
16 9 1
24 67 92
86 40 88
31 81 58
33 48 49
11 69 63
29 68 13
69 82 8
49 32 34
43 47 54
82 19 66
52 21 64
64 42 29
84 22 32
82 34 24
85 75 62
8 49 11
59 18 90
39 11 64
41 39 28
78 10 83
46 55 72
70 83 10
71 18 70
47 11 69
32 10 18
50 78 37
25 9 52
40 27 44
28 50 84
41 36 79
54 45 97
14 9 33
39 5 84
64 28 92
64 44 9
75 79 88
26 80 63
69 62 30
5 82 98
44 74 30
62 60 86
64 22 56
1 77 59
11 69 99
65 31 62
49 21 15
14 85 45
40 77 5
2 21 86
71 6 77
67 66 76
4 72 42
51 16 24
17 51 93
15 29 73
27 50 51
80 29 29
8 79 18
57 32 60
23 19 17
35 14 73
52 81 52
62 86 27
2 30 47
12 82 42
71 43 19
38 24 8
66 58 49
23 46 73
10 34 81
73 31 4
57 52 20
31 36 74
1 43 6
55 13 65
8 4 81
72 9 40
54 43 95
53 45 90
63 27 3
7 56 96
5 45 60
10 40 83
86 57 15
37 43 29
67 63 26
19 65 63
2 85 94
54 38 29
40 77 8
85 48 93
18 24 30
43 54 6
23 35 100
75 72 15
12 46 34
11 77 67
70 79 13
18 68 26
7 58 48
66 1 56
30 25 98
16 78 57
48 64 59
82 86 99
67 62 34
82 47 40
55 71 44
7 46 77
40 74 18
32 14 55
37 7 35
74 23 53
25 75 39
33 69 39
56 62 70
72 11 92
76 13 61
71 63 64
75 41 11
56 49 81
60 50 15
20 41 85
59 75 92
81 59 21
46 22 88
38 63 100
14 48 31
50 13 62
32 86 45
1 41 34
29 10 5
5 36 28
27 39 39
39 56 24
45 83 72
42 1 72
51 84 30
9 26 86
30 51 6
3 72 57
40 45 88
49 17 85
55 58 7
61 43 60
35 52 91
52 77 46
72 68 58
77 8 28
81 85 56
51 65 98
37 35 50
62 4 100
50 70 79
34 60 54
11 8 4
33 13 99
24 86 35
34 36 85
34 4 27
62 52 98
52 3 11
45 66 89
68 19 83
51 48 93
69 73 83
71 33 75
32 6 53
66 61 76
58 7 84
35 15 22
48 54 10
26 56 64
71 27 54
42 58 79
51 29 66
36 41 1
27 56 89
15 1 10
34 82 59
74 24 34
52 14 91
64 32 7
30 51 18
12 1 11
63 26 2
76 84 9
75 58 84
16 10 9
51 53 20
49 64 13
26 54 52
23 80 9
23 78 74
27 80 18
52 8 61
86 26 96
7 16 35
75 41 18
51 24 42
48 39 43
83 33 31
35 22 69
6 32 11
84 80 47
84 46 100
57 5 33
14 17 80
32 56 91
82 7 31
45 11 43
61 21 43
7 69 60
54 67 25
68 29 9
12 59 29
60 20 1
4 76 95
16 50 84
70 19 80
9 23 64
29 18 50
2 46 43
49 70 16
30 73 52
56 29 66
24 76 64
69 43 75
55 32 100
59 51 90
42 60 15
54 73 14
65 34 59
54 11 43
34 86 73
28 5 89
75 5 92
76 82 70
78 64 20
50 12 79
64 38 16
26 53 67
75 9 59
27 11 31
57 16 39
36 40 38
74 8 59
28 51 88
36 40 17
18 54 48
40 47 80
52 7 46
8 66 12
54 14 80
18 2 76
26 19 1
72 48 82
35 7 76
5 75 70
16 58 64
9 34 42
71 12 89
69 46 45
22 46 68
61 54 30
32 63 54
26 44 71
26 50 48
3 44 49
10 45 88
80 83 59
74 75 98
49 64 72
67 37 4
35 72 41
35 65 55
9 34 69
72 68 72
18 5 96
48 30 25
10 86 51
72 57 74
22 62 99
49 41 40
37 25 57
12 16 82
43 58 87
84 44 80
52 59 99
29 24 58
6 66 40
3 63 31
53 49 53
52 59 23
22 55 58
51 62 86
57 35 47
79 63 90
42 66 27
60 47 28
1 8 81
85 77 52
31 56 95
26 12 88
72 53 4
28 19 23
48 20 58
80 53 14
48 47 1
22 6 9
8 35 60
22 12 10
78 82 93
81 19 86
82 42 22
62 50 44
2 57 65
19 50 5
74 80 88
62 50 28
86 72 54
60 76 74
74 15 54
65 8 78
69 49 89
48 86 91
45 52 78
13 80 32
82 39 35
83 10 17
83 50 4
27 85 74
4 11 86
61 84 73
74 58 15
47 74 92
43 38 56
18 54 77
21 3 58
5 26 94
67 24 80
43 36 5
3 45 97
72 16 32
70 32 73
47 65 70
82 9 74
43 83 71
80 33 4
29 8 78
43 52 77
45 61 70
65 2 28
71 40 63
66 13 13
46 33 89
50 51 3
31 34 73
70 4 25
3 13 58
79 68 82
75 13 57
22 78 29
53 1 92
16 2 43
83 32 55
70 59 65
52 29 93
26 35 50
46 74 83
41 3 19
42 82 99
84 24 47
13 72 88
34 76 27
77 45 27
40 50 19
28 38 69
16 12 89
83 66 29
85 8 4
58 52 87
61 42 65
59 52 76
8 3 22
35 46 58
44 61 49
23 7 91
51 16 33
9 24 71
9 51 51
18 70 20
47 36 61
36 55 54
13 83 48
67 50 97
85 9 50
21 82 100
35 78 30
30 23 61
64 71 64
66 55 86
1 58 51
17 32 43
60 86 25
63 40 74
50 30 74
16 60 28
61 66 90
49 86 38
33 13 37
38 21 43
68 27 71
43 2 74
9 7 72
36 6 78
30 72 98
45 48 36
8 64 60
9 8 10
9 32 60
44 49 23
31 81 86
35 62 71
70 61 23
75 19 57
42 39 44
23 12 33
9 30 11
69 16 96
11 65 36
30 52 85
6 19 49
4 74 67
52 59 91
70 81 61
13 11 60
54 79 5
40 47 65
72 24 69
4 66 53
77 16 48
61 77 68
63 55 95
28 84 98
3 2 52
45 72 80
27 23 90
59 34 28
29 60 32
76 72 73
1 30 81
55 20 56
2 65 63
65 6 26
64 37 11
57 76 22
37 11 38
17 59 79
47 15 97
1 84 9
56 40 99
4 68 62
27 23 59
85 15 92
65 80 30
70 52 46
9 84 52
20 22 18
4 46 90
21 83 88
56 3 16
32 79 28
41 74 6
8 17 75
23 16 72
34 76 65
11 8 85
4 85 30
78 38 1
77 33 23
62 82 91
80 56 20
18 37 8
19 72 22
55 61 93
52 78 1
86 63 16
11 6 12
39 81 17
64 77 32
48 47 41
23 64 40
7 6 46
16 9 93
62 4 22
30 6 24
18 50 79
59 19 51
48 36 66
61 7 55
41 33 2
68 66 26
69 47 84
76 22 38
53 23 59
75 59 65
53 62 56
15 26 16
32 79 58
71 26 13
58 62 36
49 48 5
35 10 85
33 15 94
14 56 89
57 82 74
71 19 66
34 3 11
70 51 94
63 54 67
82 4 20
29 41 93
28 12 56
84 24 8
83 2 28
4 15 88
3 50 23
54 31 22
4 16 82
15 60 78
1 18 63
28 22 80
22 74 98
39 42 96
55 50 39
18 52 88
49 3 49
80 16 75
70 51 27
17 40 48
27 24 71
38 55 78
80 74 72
82 2 93
50 14 62
60 14 1
37 24 64
4 32 51
39 42 95
77 3 37
45 36 14
61 1 22
17 62 67
24 84 45
58 35 48
43 36 83
63 9 65
83 41 77
24 22 11
71 62 6
80 14 7
75 77 38
30 5 23
21 52 63
61 64 26
35 16 22
62 77 75
28 36 26
66 21 47
76 59 16
31 29 86
39 68 36
65 24 18
76 61 10
21 79 64
16 51 99
69 73 100
78 51 61
68 49 95
13 49 74
13 48 80
43 27 85
74 61 49
67 53 29
56 21 42
74 16 49
43 47 37
68 74 17
71 13 42
83 34 66
25 28 85
12 70 63
26 77 90
56 74 69
60 61 65
54 3 92
84 65 14
11 1 93
20 52 44
79 43 2
69 82 75
65 5 15
10 29 67
39 72 25
78 68 76
79 15 40
77 51 100
50 11 46
1 54 40
44 84 48
71 37 20
13 50 13
13 24 20
7 13 39
42 1 71
49 85 3
21 64 35
32 16 56
51 39 56
13 56 13
50 45 79
47 27 86
37 83 46
20 54 36
54 61 34
11 70 43
79 73 29
3 49 5
14 47 97
51 60 63
77 44 38
7 48 55
85 5 92
24 32 89
10 85 21
70 4 51
76 34 3
51 40 29
29 3 88
79 86 40
74 30 7
24 28 22
27 58 69
78 49 39
74 77 68
46 72 21
23 78 11
53 65 85
47 78 37
15 73 42
73 33 93
38 57 43
42 17 41
83 73 13
83 12 59
27 29 21
36 84 29
83 79 16
50 80 33
56 51 86
68 63 3
56 29 35
54 29 21
38 85 79
24 58 50
54 13 25
46 2 52
33 4 95
65 83 22
84 17 97
25 49 16
25 7 6
71 41 73
63 18 55
36 19 65
61 79 21
2 62 89
67 36 29
9 57 84
16 37 21
29 33 77
50 81 100
45 53 47
66 36 87
39 16 87
79 56 28
66 11 63
30 72 87
29 57 88
12 79 79
46 13 75
40 81 64
6 29 39
32 50 33
69 72 51
24 72 30
44 16 29
45 79 92
53 45 27
71 49 9
68 29 93
16 54 17
29 21 100
80 26 94
59 48 62
6 65 3
45 60 92
58 13 44
63 12 13
67 55 58
55 19 67
28 45 29
5 54 93
6 71 51
76 12 19
28 73 1
17 12 49
83 62 30
14 52 80
78 8 30
18 74 74
9 24 25
58 50 20
60 75 41
1 12 81
59 32 28
24 13 94
40 12 21
60 9 29
11 2 64
56 32 16
81 79 53
10 3 84
26 40 44
51 33 63
68 54 79
40 20 15
80 70 61
86 54 93
1 22 94
79 19 68
37 50 89
84 66 89
54 22 92
18 34 17
60 9 3
73 35 30
52 35 34
36 2 11
28 12 49
57 68 65
1 43 67
70 25 93
25 60 62
17 12 92
13 64 2
40 13 47
77 2 3
71 55 42
2 40 64
8 37 47
42 45 39
36 12 48
77 47 13
19 56 72
49 11 62
69 8 85
86 85 70
34 41 3
7 4 29
39 69 20
74 5 65
52 14 91
53 47 32
57 35 59
31 68 42
76 7 60
47 67 42
42 30 45
61 3 51
1 61 28
4 22 52
68 52 22
58 42 66
82 6 36
86 36 33
76 15 49
13 80 10
30 22 97
55 85 56
74 28 11
52 12 98
85 61 35
20 59 42
36 76 3
72 65 19
58 72 65
11 73 58
59 45 82
40 34 89
83 20 11
86 65 19
44 77 56
6 45 81
61 35 96
30 63 6
40 44 86
33 23 47
48 40 31
12 35 76
69 57 17
69 37 69
49 6 51
56 3 56
77 80 72
2 46 14
73 40 66
18 58 48
35 55 50
67 41 68
41 31 35
36 20 56
55 78 87
3 78 63
68 33 67
78 10 68
84 49 39
57 84 52
80 54 61
53 5 8
54 44 3
2 46 32
14 41 29
64 75 17
3 81 47
43 30 17
45 52 78
62 23 47
83 3 8
31 35 74
27 8 49
3 11 60
27 28 75
2 78 10
31 82 94
25 76 90
22 50 94
13 16 83
19 3 22
51 34 15
44 13 6
31 83 91
16 14 38
19 32 40
78 73 37
44 78 7
51 67 50
78 29 56
57 29 29
66 60 22
6 35 1
69 22 35
56 71 76
67 79 33
23 84 100
33 13 72
15 19 66
27 66 89
62 46 88
77 24 3
10 63 24
83 72 84
30 6 40
45 58 86
49 51 99
4 16 4
31 22 60
28 32 32
52 17 65
11 83 37
84 78 20
41 13 83
67 58 82
77 25 34
42 40 99
39 15 30
73 25 58
21 20 6
65 66 30
41 34 51
79 45 57
7 77 19
79 46 15
61 5 44
14 79 63
72 83 86
63 16 78
57 82 63
86 29 65
21 35 92
51 82 36
32 11 38
29 19 31
81 12 69
2 85 71
64 43 82
85 81 80
8 35 32
16 76 9
39 22 20
5 17 28
9 20 67
10 60 15
7 10 67
61 36 85
73 70 64
3 2 40
58 41 5
8 21 81
43 79 95
58 65 95
53 8 63
11 71 94
8 71 41
74 37 25
54 28 29
85 11 53
28 6 48
15 78 22
11 33 10
41 13 79
44 30 68
15 56 21
77 21 73
34 75 93
8 61 77
78 3 83
48 62 81
76 20 99
75 7 82
10 64 57
52 37 38
10 62 60
16 25 31
73 49 73
29 18 87
64 75 12
15 28 30
10 56 71
72 33 26
52 37 3
47 70 7
86 52 71
8 70 79
47 15 88
69 24 32
4 51 45
14 86 4
29 45 8
34 40 39
32 56 32
15 10 65
38 69 25
74 2 35
7 44 32
44 27 15
46 69 37
15 81 24
59 76 22
54 1 82
38 44 12
59 12 54
6 73 80
4 82 60
62 65 1
52 31 7
48 19 61
1 82 99
16 73 35
37 82 20
62 21 94
7 11 43
71 35 83
61 65 38
43 70 59
39 54 48
30 68 76
64 30 86
19 39 77
16 18 37
74 83 84
22 27 2
23 29 84
78 42 89
62 59 38
52 27 89
52 31 47
48 8 20
29 83 60
5 9 50
14 63 9
38 75 58
71 14 94
29 82 28
53 16 10
23 85 80
17 6 90
46 48 8
63 75 59
50 49 64
23 33 13
58 26 6
40 56 35
74 2 23
44 40 18
27 39 40
4 28 35
3 26 96
53 16 6
85 55 34
68 47 84
73 21 78
48 7 37
12 56 15
79 38 22
20 49 41
82 44 31
48 42 40
58 10 7
51 47 5
68 2 53
50 27 22
34 31 76
16 24 48
5 71 1
12 21 27
2 66 4
7 81 78
27 12 68
19 75 38
1 24 51
34 74 41
11 71 87
43 26 99
53 69 77
80 52 90
80 63 100
66 46 97
68 60 83
86 18 45
31 15 42
12 4 23
70 40 81
54 44 37
79 25 22
25 43 44
53 2 38
73 3 85
67 25 3
9 19 7
80 62 4
46 65 65
32 43 9
54 60 5
43 5 92
77 85 96
6 38 74
84 14 84
12 57 72
46 24 84
17 29 38
84 22 64
22 61 29
45 32 67
70 71 76
3 30 61
8 57 92
30 49 21
59 5 52
39 44 53
78 81 92
18 34 62
35 66 30
27 80 10
86 63 78
17 57 38
66 2 59
60 53 16
56 20 81
86 54 52
15 8 48
3 54 45
19 47 23
6 75 8
13 59 49
68 49 99
30 32 18
60 16 1
19 25 15
51 1 55
1 62 88
35 59 5
5 46 48
36 3 61
68 19 72
22 20 21
78 22 26
46 15 12
31 65 75
69 11 34
73 71 47
71 57 24
32 47 8
55 33 69
15 9 63
67 82 42
49 34 27
32 47 37
53 3 41
67 23 92
55 2 54
81 85 55
83 14 55
57 28 46
4 59 7
47 49 44
5 63 68
65 27 14
11 39 95
64 52 17
72 51 44
44 76 46
14 4 93
76 9 4
72 37 12
54 46 20
75 24 99
30 23 41
28 18 43
12 31 57
52 12 100
62 32 36
33 69 48
5 81 21
80 2 53
62 54 33
83 60 66
12 71 29
1 58 70
33 28 72
41 18 52
46 57 79
8 18 24
3 25 6
57 63 1
55 28 34
68 32 85
86 2 36
32 3 15
2 9 66
50 77 82
70 39 11
22 38 7
68 40 95
77 27 60
2 19 36
58 52 41
17 12 52
17 84 53
68 36 5
86 68 72
71 23 6
78 75 33
26 1 12
47 60 84
30 36 57
14 73 68
21 34 86
28 25 6
68 85 51
11 43 18
76 61 83
83 72 41
72 78 35
34 2 5
8 22 85
58 54 55
65 19 12
65 69 66
26 56 50
10 75 78
30 33 50
75 7 67
43 66 14
40 51 15
82 81 48
34 51 32
48 41 68
84 51 15
49 22 46
84 38 80
25 35 97
17 1 85
15 82 98
38 25 93
68 5 50
79 58 79
45 24 54
4 59 62
66 77 69
50 76 88
6 13 48
61 10 12
31 83 19
41 32 82
62 58 89
15 36 79
22 28 31
3 49 28
80 5 94
23 73 47
80 75 7
27 70 91
60 5 73
78 83 11
24 76 47
1 25 65
16 47 35
15 18 9
62 8 1
13 73 5
28 69 31
14 43 95
38 23 52
55 25 97
33 47 22
53 70 88
67 23 71
2 66 85
54 20 39
37 74 78
60 50 74
41 73 29
1 4 80
80 78 74
56 20 63
43 22 12
31 16 38
69 3 61
45 13 5
21 61 42
62 85 54
73 49 79
58 71 26
5 31 23
14 54 49
30 19 77
43 37 42
79 6 25
26 42 82
85 53 75
4 5 67
59 66 49
21 23 77
48 57 14
28 86 17
39 5 44
15 29 37
7 35 7
21 14 41
82 77 24
41 13 62
30 12 59
23 20 92
1 27 73
39 74 66
36 33 37
34 78 72
71 75 6
15 46 9
11 50 45
56 22 64
44 23 66
12 49 79
15 54 69
41 47 49
82 38 53
5 19 24
14 61 48
27 16 36
81 15 86
8 60 91
38 75 96
13 79 49
49 41 78
57 76 70
62 56 56
14 82 58
60 57 25
85 15 94
