8
28 107
7 11 38
7 17 6
17 8 73
25 2 46
24 6 83
1 17 82
27 17 80
21 5 41
2 1 50
1 6 72
8 3 29
13 24 25
13 18 35
4 13 35
13 19 82
25 26 11
1 23 46
1 23 21
15 5 9
15 8 89
26 12 84
25 9 68
27 22 11
19 24 76
8 21 56
17 28 42
11 6 30
23 4 17
6 28 36
19 4 22
19 1 96
17 12 42
12 18 15
18 3 57
15 16 66
3 14 70
13 21 1
18 11 81
9 12 12
16 8 59
6 9 8
26 23 36
17 26 37
25 7 57
26 20 37
20 17 42
17 15 89
20 21 30
13 23 25
22 28 4
15 23 6
28 11 56
28 7 11
10 20 100
10 14 79
13 26 46
19 5 19
20 12 53
2 27 75
11 20 34
9 27 48
16 8 96
3 19 6
19 5 15
6 2 18
17 5 32
6 19 54
15 26 78
25 18 24
3 28 33
13 14 57
25 24 64
18 16 50
2 23 20
20 14 16
3 12 86
7 23 45
27 22 38
4 8 84
25 27 99
28 1 51
11 7 58
23 27 3
28 17 54
23 26 56
7 13 37
25 22 65
12 6 88
16 25 58
19 5 45
10 6 67
3 19 32
16 22 17
10 28 72
27 6 77
21 13 41
1 27 53
24 13 62
27 19 100
7 27 69
5 2 14
26 11 93
11 6 54
6 1 83
24 22 43
21 22 31
21 24 59
46 1695
19 1 41
39 24 47
21 33 60
27 11 35
4 19 40
22 40 32
11 25 71
12 38 40
35 45 29
44 31 51
46 42 78
38 15 26
4 22 74
36 10 18
13 12 78
22 38 8
6 41 64
38 43 40
1 30 80
18 20 81
37 6 83
22 17 22
36 20 89
35 43 61
17 4 20
3 32 84
39 3 57
8 11 10
17 2 93
35 3 93
30 21 10
10 28 65
41 37 59
20 13 81
24 33 76
5 9 93
6 41 78
24 44 69
15 14 12
42 10 68
6 2 5
41 3 41
33 18 53
41 38 80
37 42 17
45 12 77
15 25 6
19 27 84
29 10 15
13 37 28
2 37 72
41 9 63
31 25 28
22 21 82
33 40 47
39 4 33
18 34 98
40 12 86
32 11 50
29 7 44
5 1 39
36 6 37
40 16 4
33 1 87
2 19 82
15 43 10
32 21 90
37 28 98
34 37 63
22 43 98
16 31 35
12 14 90
30 20 13
19 21 38
46 19 1
24 38 82
46 41 64
12 33 81
12 1 29
10 1 66
30 3 41
26 20 14
43 8 85
1 43 67
34 28 93
44 39 62
15 37 78
34 33 52
28 21 92
38 35 20
35 11 82
32 28 78
33 41 85
16 9 28
32 46 54
24 35 1
5 31 76
31 39 21
2 32 17
39 40 43
19 37 72
37 17 14
4 43 93
36 25 71
29 4 73
35 26 87
35 30 94
26 33 29
7 31 65
24 4 36
31 22 73
20 41 48
41 2 61
36 16 5
42 23 86
2 29 76
19 12 11
41 10 3
10 16 64
35 45 14
6 43 10
43 36 46
23 6 25
11 20 60
18 4 2
10 29 67
14 15 73
8 16 70
15 43 20
26 6 92
35 12 55
41 44 78
18 26 13
37 24 66
39 43 86
23 44 66
5 1 18
20 36 27
43 5 5
28 36 72
19 1 7
36 2 73
11 35 97
5 30 41
18 21 90
34 39 40
5 22 56
38 11 17
22 8 88
37 21 65
14 16 91
46 14 31
18 9 66
34 26 77
46 21 90
25 13 18
10 19 2
40 8 21
26 6 4
40 2 85
26 27 40
36 22 90
28 32 25
15 17 57
18 4 91
43 24 59
6 27 40
12 39 91
14 21 47
21 34 15
19 1 61
14 4 23
15 12 53
8 33 72
34 22 8
15 36 63
37 32 29
19 15 20
22 21 25
15 38 79
34 14 83
12 21 8
31 45 91
17 19 3
28 32 56
41 14 69
42 38 71
44 20 86
29 35 46
34 30 16
44 32 16
29 19 88
7 28 31
35 3 50
30 1 56
11 8 25
16 12 49
34 18 11
21 31 97
7 11 28
37 20 94
8 33 3
26 1 79
8 37 84
23 40 77
26 9 97
18 7 82
25 1 64
19 28 78
27 12 31
37 45 72
45 8 100
42 8 65
2 3 64
37 36 23
12 41 89
22 46 80
8 32 77
45 12 94
36 38 16
41 12 95
41 35 48
5 24 89
29 2 50
41 22 91
14 37 96
17 29 74
6 9 11
5 26 14
20 33 63
19 35 97
29 1 34
16 40 45
15 4 88
43 21 85
34 19 38
8 33 15
6 37 48
1 36 95
43 23 75
12 43 29
1 32 12
9 23 100
41 25 7
40 10 95
20 32 31
46 21 87
29 14 26
31 3 17
37 17 69
19 33 10
21 15 32
14 21 6
16 36 72
36 44 71
46 23 38
42 12 94
9 42 7
11 34 15
46 20 7
19 32 50
31 23 5
40 20 55
1 43 38
23 1 53
32 2 64
15 23 12
8 3 62
6 34 33
37 19 90
39 32 94
25 14 29
1 9 58
20 5 73
16 25 68
17 24 59
26 30 66
11 13 43
5 14 3
38 37 5
28 30 51
34 31 52
42 45 24
9 7 95
27 11 75
13 43 51
12 15 83
8 18 37
22 18 34
7 24 88
5 41 25
1 27 66
36 1 80
6 23 89
15 7 61
7 34 56
45 7 37
6 41 1
2 8 73
44 17 23
37 31 15
12 28 61
46 40 76
24 37 95
39 17 14
38 12 29
10 20 35
42 35 65
19 44 6
4 10 79
32 16 37
39 15 66
27 34 69
32 43 28
12 31 82
41 14 50
37 25 30
6 33 44
13 25 9
7 40 51
24 12 99
36 5 77
13 18 31
1 3 39
38 40 32
13 36 50
9 20 73
18 6 94
13 36 63
9 18 67
1 33 56
13 9 64
4 7 41
45 26 92
14 27 91
38 3 14
4 36 79
31 26 52
13 16 92
40 14 1
8 13 39
10 23 92
11 24 55
21 17 62
46 1 11
25 24 81
5 12 4
23 35 7
36 1 19
46 9 4
31 27 18
28 40 86
8 32 60
39 28 10
43 39 8
1 19 1
10 32 5
43 24 40
18 17 15
37 38 43
25 35 48
24 41 51
17 31 46
15 41 46
24 28 11
17 10 80
26 27 66
18 40 100
46 24 62
45 6 20
9 44 4
14 12 48
44 41 66
23 46 95
10 44 67
28 36 80
14 39 11
18 5 83
41 18 81
46 11 14
35 28 95
8 10 31
40 19 5
37 12 1
5 31 81
41 26 100
46 12 83
35 43 55
35 14 85
44 19 88
9 24 92
6 25 19
41 27 73
38 31 2
14 28 64
44 4 20
36 18 31
14 5 29
30 29 28
6 45 76
41 17 21
3 24 79
16 1 29
37 11 8
36 13 66
4 30 29
24 36 83
25 3 51
41 45 70
28 6 65
21 14 59
4 11 99
9 42 39
15 8 43
25 23 28
21 6 67
22 45 41
15 39 37
3 28 26
14 5 90
21 26 60
35 21 42
19 8 63
37 21 41
30 11 44
35 20 8
17 10 78
41 45 72
37 1 82
35 40 29
32 11 18
18 5 81
46 21 29
31 33 90
16 2 28
43 42 28
37 25 26
17 22 9
35 1 15
43 31 97
31 27 24
25 22 13
40 5 15
21 20 89
10 17 95
46 8 54
5 45 29
32 23 4
25 35 87
26 32 52
22 7 87
16 13 6
13 26 20
16 3 99
35 14 99
18 13 56
33 22 38
43 19 15
11 5 43
30 43 4
22 24 35
32 7 61
11 41 5
27 6 86
44 30 64
11 21 24
6 15 85
16 26 91
36 6 15
31 1 60
40 15 75
26 9 45
7 31 85
27 25 88
16 35 19
44 4 20
46 2 12
33 3 21
5 11 41
19 41 6
40 41 91
45 22 69
29 12 25
18 38 72
35 24 26
2 7 95
14 9 18
13 4 5
38 27 66
10 38 52
2 26 29
46 14 91
21 5 65
1 31 55
34 20 6
31 33 39
6 15 79
17 43 46
26 1 70
36 19 52
39 9 86
35 7 52
17 19 21
19 11 48
30 17 55
24 13 92
16 8 39
25 43 30
17 24 27
23 3 13
2 29 91
5 39 8
22 29 94
26 45 50
8 23 74
26 45 2
8 12 98
34 45 44
23 6 76
42 34 95
17 37 21
45 24 89
32 26 13
26 33 59
14 28 15
2 5 49
33 15 27
22 45 65
18 23 46
42 6 76
20 43 51
29 9 61
39 15 83
43 37 41
13 18 60
45 28 5
38 30 31
14 40 13
25 10 42
13 29 4
26 13 86
20 29 2
29 45 32
8 10 4
11 10 39
23 7 22
5 29 9
24 19 69
19 32 95
30 22 40
42 40 64
21 30 58
19 15 2
5 39 57
37 14 81
42 17 78
41 46 52
10 43 43
5 16 26
2 44 29
8 9 87
28 42 25
22 40 26
35 5 69
31 27 70
38 43 34
38 31 13
31 12 51
4 14 26
34 28 65
46 19 41
42 11 79
5 39 72
5 34 39
32 24 72
13 5 11
4 31 71
11 21 27
9 1 14
34 16 42
22 34 50
29 31 14
31 21 1
22 39 9
11 10 87
30 46 83
34 29 38
14 38 97
15 5 33
24 18 30
11 26 5
45 6 1
14 17 60
10 5 19
45 4 64
27 42 60
20 7 45
23 19 93
43 2 51
1 26 46
23 11 43
37 46 43
22 23 62
6 29 12
24 34 94
28 6 69
6 8 46
32 5 30
46 1 40
16 18 69
43 44 88
23 7 34
32 12 10
34 38 57
28 33 52
46 21 25
39 41 83
20 40 12
19 41 17
38 16 41
18 9 61
10 42 16
41 44 77
6 23 89
39 29 92
21 8 87
31 6 4
4 33 36
40 14 97
11 22 63
18 41 59
25 3 49
33 18 42
28 45 100
41 10 92
28 39 78
26 14 54
44 45 97
28 13 79
42 44 54
37 23 56
19 10 29
44 2 26
27 11 33
23 20 67
29 36 33
26 37 52
5 34 84
26 40 25
32 37 76
2 34 24
26 33 8
10 12 63
18 23 39
37 19 6
32 40 25
26 45 43
17 38 4
40 31 18
40 6 94
2 31 24
35 7 55
29 23 68
20 25 12
13 33 29
39 6 90
8 2 55
21 26 67
3 27 27
1 30 73
45 18 33
39 40 24
37 2 53
44 11 32
32 33 23
21 37 83
39 23 61
12 41 55
44 10 78
45 5 96
44 10 8
43 13 21
41 17 4
5 16 95
12 14 90
29 2 81
26 18 85
15 9 77
36 9 17
14 27 38
19 16 13
7 39 76
39 29 69
13 18 99
36 40 80
17 10 42
25 29 55
4 5 14
35 33 16
23 13 79
20 17 33
13 21 18
15 23 40
4 44 6
36 16 91
37 31 27
3 31 86
11 14 15
38 45 92
46 23 69
27 13 99
8 16 64
16 32 5
9 46 99
29 9 18
40 32 67
43 38 42
20 5 42
2 44 74
27 37 85
11 21 17
8 27 41
18 12 26
11 28 71
18 25 36
30 9 64
11 39 78
33 30 80
29 31 40
3 7 21
31 28 68
32 24 34
5 46 30
22 39 90
1 25 11
39 20 86
44 42 15
17 27 33
20 9 50
44 25 98
32 4 50
14 10 73
22 29 58
9 42 20
17 39 89
4 21 92
40 39 1
40 29 58
45 2 96
43 15 77
6 42 10
3 21 24
39 11 82
3 10 83
32 27 55
22 46 79
16 31 16
44 38 71
25 40 42
29 21 96
11 15 88
27 7 11
8 10 60
39 27 92
16 8 85
15 19 60
41 2 60
29 5 1
10 1 63
39 45 33
24 37 86
9 43 2
39 27 70
35 23 60
5 14 61
11 6 95
9 2 55
40 8 98
15 17 27
7 34 19
24 37 36
2 10 93
35 22 18
32 42 55
27 5 65
9 3 15
2 24 38
43 40 53
15 36 6
5 13 4
28 3 100
26 42 7
1 40 86
17 8 35
40 42 10
5 20 17
27 1 54
45 28 42
9 24 48
8 1 31
15 17 92
40 44 77
38 9 60
19 4 7
21 30 15
10 26 79
20 2 95
39 18 23
29 16 55
11 12 91
25 24 16
24 4 59
10 31 47
42 1 26
30 35 6
26 40 59
45 31 83
39 11 77
36 10 85
16 39 10
34 2 95
44 29 7
45 21 71
3 9 36
1 9 62
31 21 11
23 16 71
32 40 97
42 34 38
45 29 39
21 27 36
9 19 100
26 20 35
13 30 98
36 25 2
27 34 98
32 43 10
34 31 15
40 31 16
35 28 87
41 11 42
27 9 64
10 38 43
10 29 7
8 41 52
23 31 1
32 12 84
8 17 53
14 40 36
14 35 14
3 23 16
46 3 38
22 37 91
15 12 23
41 33 66
2 19 17
31 7 41
22 11 83
1 4 12
40 15 68
39 9 97
14 10 93
20 41 66
17 36 3
18 36 71
43 33 50
23 43 11
8 43 7
31 17 91
3 29 85
39 11 27
7 21 70
1 2 64
19 8 72
43 19 12
32 30 26
37 5 1
37 2 22
21 28 21
9 11 83
8 43 75
6 38 20
26 8 19
17 23 29
25 1 80
45 46 60
44 31 89
7 43 63
39 1 74
19 29 95
11 18 30
2 1 8
8 1 1
26 6 65
19 10 90
17 16 3
27 32 38
16 38 35
6 35 91
11 43 27
25 16 3
5 8 71
15 24 77
1 20 88
15 29 55
15 26 61
25 32 82
30 24 66
6 9 80
13 30 2
5 27 96
20 11 62
28 37 31
27 33 13
8 17 39
37 28 34
3 29 67
1 27 52
35 28 58
24 10 59
4 9 62
13 20 71
4 27 18
11 43 97
25 18 50
34 3 21
36 11 27
37 21 86
9 31 61
41 43 79
5 3 9
38 3 75
45 4 30
37 18 26
41 14 53
1 12 63
2 38 76
34 7 68
26 2 83
17 27 7
35 2 32
6 35 51
33 21 21
26 33 21
27 28 3
24 8 31
28 14 13
17 29 90
9 29 20
34 28 20
45 25 67
12 1 5
13 9 59
34 13 23
15 21 93
16 8 84
43 13 16
20 8 86
24 3 14
15 37 61
7 23 77
22 4 14
32 6 63
11 15 78
20 34 13
6 12 39
22 36 46
23 41 17
14 17 9
38 36 8
29 20 37
42 19 91
29 2 37
38 28 37
35 10 6
3 5 80
43 42 18
44 41 17
41 18 34
42 27 61
31 7 42
21 6 61
19 33 66
32 36 31
32 3 36
14 10 14
18 24 22
40 30 16
31 42 80
37 7 14
1 22 99
4 12 49
15 38 15
13 29 54
18 42 15
5 35 70
39 24 19
36 12 66
16 26 69
42 29 13
18 38 3
44 3 32
5 36 17
38 15 53
3 11 88
32 18 76
20 19 25
8 38 24
18 46 87
2 30 48
46 21 41
19 3 31
4 20 45
35 44 35
14 19 64
22 24 50
36 27 59
25 11 16
46 37 44
30 43 64
35 36 52
9 31 81
23 19 83
9 27 68
2 36 20
10 38 29
11 7 59
10 46 80
37 13 59
1 5 98
11 45 96
22 20 69
28 26 5
2 9 89
3 9 98
10 36 64
46 40 15
2 41 60
19 37 77
25 27 59
33 6 42
29 22 97
8 14 84
17 5 84
1 46 71
5 21 88
35 15 41
18 4 90
15 32 3
8 22 7
2 27 92
35 46 8
25 40 16
46 39 47
9 17 9
4 23 82
29 36 55
32 33 6
6 40 15
34 10 57
29 16 4
9 27 100
29 37 49
1 32 47
27 3 7
11 4 67
3 40 10
32 24 43
1 39 53
39 34 95
39 23 94
46 45 42
21 16 47
45 17 17
28 26 35
21 32 50
44 23 62
30 43 42
22 9 45
4 25 75
15 31 10
8 31 42
11 40 29
36 42 100
8 23 63
10 14 61
2 26 87
7 22 55
40 21 58
29 23 93
32 19 57
6 46 61
30 15 83
14 34 39
44 6 73
26 4 13
3 37 45
26 2 94
43 8 58
8 36 66
40 25 99
45 42 41
6 22 21
31 26 88
36 1 79
28 19 29
10 36 9
27 30 2
5 2 24
26 19 57
10 13 6
32 10 22
24 21 12
19 8 96
15 23 32
40 2 20
24 41 36
24 27 52
30 27 78
31 32 5
24 3 76
3 24 65
41 25 96
29 21 75
15 11 58
26 33 35
42 33 81
6 38 42
5 19 93
18 6 89
43 34 14
10 2 41
28 40 19
4 39 38
19 9 79
30 20 77
26 46 6
1 39 6
20 7 7
37 19 45
25 2 82
25 45 1
31 35 27
45 24 16
27 34 76
12 13 35
40 39 90
13 11 75
33 21 66
16 15 80
5 21 99
10 28 39
27 30 83
11 42 29
31 11 55
20 1 93
17 8 56
23 1 94
25 4 81
7 46 75
34 5 11
10 30 41
41 28 91
46 27 46
17 20 35
15 34 98
43 8 91
20 4 11
43 24 99
37 43 92
40 9 34
7 3 99
11 36 91
39 3 4
5 7 55
17 46 22
10 46 41
5 6 27
41 33 78
41 46 77
24 34 87
23 27 77
22 13 87
42 29 50
34 10 84
12 13 100
11 6 15
21 32 76
16 12 98
38 39 66
11 6 86
1 14 48
24 16 19
43 27 18
38 13 6
27 25 98
30 2 62
13 10 62
36 24 38
34 29 74
7 20 71
14 11 58
5 16 51
19 23 52
11 15 69
30 45 99
23 31 64
26 13 29
17 29 16
6 14 45
40 10 66
24 20 72
34 38 6
28 1 27
28 11 12
34 15 12
32 13 4
18 17 90
29 19 48
17 16 63
15 32 44
19 6 17
19 22 91
37 29 62
1 5 50
40 23 92
27 29 87
44 5 41
30 40 51
25 12 78
42 43 68
4 32 53
18 32 72
39 36 57
32 31 24
11 35 11
36 19 75
44 13 40
41 21 82
27 10 13
1 24 30
44 41 65
20 31 5
3 5 6
15 22 64
22 41 9
20 25 65
9 2 95
4 17 20
32 36 73
38 23 34
19 41 32
40 15 23
22 42 47
12 15 12
35 20 96
18 44 74
45 28 12
38 43 94
35 30 32
36 12 93
11 35 16
13 8 43
35 39 35
38 45 91
1 18 80
3 23 38
32 41 38
27 28 91
41 7 59
28 42 92
32 7 93
7 6 58
38 22 66
43 31 71
12 10 34
20 27 85
22 17 84
19 38 80
45 24 27
8 33 60
45 1 74
25 5 78
8 21 40
39 13 78
4 39 82
1 34 8
2 12 98
14 3 23
32 45 51
45 40 72
7 20 83
15 19 54
29 4 99
11 44 92
39 19 100
8 30 2
42 27 32
4 29 44
9 20 72
10 25 6
7 31 72
32 26 32
2 8 43
35 24 45
28 4 12
19 1 19
31 19 91
3 25 1
32 26 4
28 4 10
24 12 81
36 43 61
28 18 21
33 15 99
13 40 63
17 8 25
25 44 2
7 14 18
12 32 77
43 32 10
16 46 89
17 26 78
2 38 52
38 12 39
24 14 46
42 17 57
25 9 10
12 19 93
42 43 8
1 28 90
14 3 8
30 5 49
18 2 46
30 11 54
29 41 71
33 42 85
46 38 39
8 23 92
39 5 10
31 6 94
38 2 52
9 7 10
14 1 22
41 37 47
25 4 32
5 4 8
35 17 64
32 10 33
43 31 25
36 15 41
26 16 90
4 42 100
14 13 65
2 6 84
28 45 75
40 44 64
44 2 37
38 30 90
16 26 38
11 39 64
6 42 77
28 7 57
29 2 48
16 42 38
28 17 52
22 31 29
10 26 99
27 3 52
22 35 78
23 27 64
39 17 10
8 6 89
34 7 77
29 10 96
10 1 91
46 23 19
9 22 4
23 34 88
46 25 97
25 34 48
42 43 73
23 36 79
21 7 30
34 19 75
17 14 87
36 37 49
20 44 26
9 25 100
42 10 92
26 18 90
18 32 13
33 23 90
11 7 36
40 36 13
30 28 42
28 21 29
32 9 85
35 45 4
32 8 17
39 41 35
7 2 24
24 42 77
20 16 91
12 5 92
13 15 33
30 12 16
16 32 76
2 38 5
24 7 1
23 36 31
2 46 53
18 42 2
27 26 65
3 8 56
46 31 100
9 3 61
13 5 42
42 8 52
34 33 6
35 23 38
38 44 86
35 13 23
28 29 55
11 16 92
46 7 91
34 11 40
34 44 60
1 30 43
42 1 40
24 18 2
17 14 23
6 33 43
41 36 1
35 6 93
3 1 18
43 10 3
44 8 16
46 32 84
17 37 26
24 41 46
2 44 6
33 13 58
4 17 89
43 31 4
41 39 58
33 1 85
28 39 64
38 19 9
44 26 15
14 4 53
36 16 66
16 26 50
25 41 87
25 28 33
43 4 77
16 37 1
20 30 66
18 46 45
31 12 90
31 15 90
9 45 66
28 39 5
33 41 75
2 34 48
10 3 52
11 24 49
11 3 99
23 26 71
15 14 62
39 28 65
38 12 1
29 21 80
23 7 63
28 8 95
41 42 32
24 13 46
34 4 14
6 46 68
29 6 27
40 18 38
10 25 84
35 40 60
19 2 96
40 21 21
20 38 55
1 11 41
13 30 78
30 45 53
46 14 28
31 30 53
9 44 28
25 37 53
1 11 32
8 7 81
40 44 47
6 27 70
31 43 28
1 38 13
29 42 23
43 20 86
5 18 19
26 44 42
26 19 54
5 14 87
36 11 31
43 20 52
30 27 88
27 25 76
8 30 40
34 17 44
13 30 6
15 22 78
22 23 8
1 22 32
3 17 57
4 30 50
11 26 31
31 34 57
17 3 62
44 39 49
4 37 75
21 39 84
14 27 72
43 22 93
41 23 18
19 25 64
39 32 40
12 30 18
8 20 68
40 7 66
2 22 31
13 34 32
32 4 23
15 3 33
37 23 14
34 15 78
34 2 43
12 3 21
13 26 91
14 31 32
1 24 19
39 19 62
21 4 60
39 10 4
37 3 89
5 29 72
16 25 42
16 40 82
31 17 94
28 45 74
10 33 81
2 32 56
45 12 53
44 12 28
20 21 58
32 28 53
31 18 18
42 39 91
36 43 77
23 11 93
27 33 86
4 5 12
17 4 32
46 28 28
20 13 61
38 22 29
31 27 62
33 17 18
7 31 32
40 27 18
18 2 61
19 27 34
17 32 13
22 43 46
34 45 74
33 42 22
35 28 96
15 7 53
43 4 11
45 6 53
6 41 23
29 27 56
25 35 16
23 30 66
5 26 30
5 32 80
21 14 27
38 12 43
40 29 84
26 46 13
46 45 42
45 42 49
32 36 65
33 35 68
7 30 83
9 36 47
22 13 69
31 13 27
4 14 1
18 31 68
40 27 63
16 22 76
33 37 99
37 1 61
24 28 31
40 35 10
11 16 8
33 30 21
35 2 54
15 14 56
14 45 66
44 41 81
45 35 32
25 29 6
37 33 8
36 44 73
2 7 95
4 43 47
29 38 77
24 43 1
25 29 74
4 7 52
17 28 37
2 31 74
31 37 71
21 20 50
1 39 22
45 16 11
21 13 61
3 1 82
40 14 7
6 22 54
12 5 80
14 39 87
18 36 45
9 8 94
32 10 27
33 3 58
30 18 18
9 15 66
14 46 77
29 6 26
32 41 47
28 25 73
31 19 94
22 24 14
8 40 67
26 45 70
24 43 76
28 5 42
8 24 22
15 40 18
28 45 38
45 24 3
31 1 23
22 10 23
19 25 11
11 18 70
5 28 1
13 38 56
44 11 31
44 12 23
17 41 18
11 44 5
36 42 61
8 39 54
9 46 37
3 45 37
29 35 4
13 9 100
30 12 81
6 4 75
36 5 64
25 36 84
19 8 81
43 24 34
8 31 96
27 26 4
32 17 71
13 24 68
46 21 54
30 2 17
13 21 28
15 8 77
41 14 99
15 31 84
11 10 87
9 11 90
24 1 92
5 36 3
14 25 15
8 9 85
18 14 49
1 38 5
21 76
7 16 89
10 18 72
12 8 61
1 15 5
17 8 28
7 18 26
12 6 64
3 6 30
1 4 84
14 20 82
5 13 81
3 20 76
5 17 8
16 6 29
13 3 83
21 16 65
6 21 31
2 1 17
15 13 29
10 2 45
9 12 26
6 9 93
6 15 74
17 18 69
5 16 82
10 19 52
1 13 36
12 11 44
13 21 63
5 1 97
17 7 19
18 19 88
21 15 89
12 4 28
16 20 43
7 9 38
9 6 10
8 11 45
1 6 30
8 2 74
20 3 57
3 21 66
15 10 52
12 16 52
5 15 50
14 9 21
5 11 10
2 10 49
2 9 34
5 14 71
12 1 76
14 15 4
13 16 49
20 21 48
3 2 66
14 13 62
1 20 17
1 20 32
6 15 63
10 18 36
20 9 55
16 6 43
5 3 45
1 8 57
1 6 19
8 21 13
10 4 13
12 7 80
1 7 19
16 15 46
17 3 90
8 19 48
2 20 58
4 11 66
12 18 22
6 13 1
43 1712
12 38 4
38 19 14
19 36 95
6 12 21
20 26 24
26 19 98
17 18 62
37 38 1
21 9 54
1 6 97
22 32 74
3 15 19
28 10 14
33 18 43
1 12 59
31 24 94
37 30 3
32 42 69
24 30 22
18 6 59
25 37 16
12 16 92
19 40 52
8 10 1
42 24 24
34 36 88
13 31 87
4 21 70
6 40 5
16 29 29
26 11 96
23 18 38
5 23 22
14 8 61
2 15 74
28 17 61
8 32 95
12 9 91
40 11 33
23 28 65
22 21 66
15 23 10
3 17 2
33 12 6
41 2 71
12 24 88
6 35 97
1 8 57
7 15 56
6 40 9
19 29 31
13 37 46
42 23 41
26 42 75
40 30 29
42 23 28
23 27 78
2 23 13
38 8 85
9 31 62
42 3 4
9 31 52
11 28 4
17 34 72
1 40 92
7 33 84
2 24 31
31 19 4
10 21 26
37 18 30
42 33 53
11 38 83
29 40 90
31 41 42
17 28 47
41 16 77
17 13 27
7 33 47
20 34 64
25 31 68
8 26 89
18 12 92
22 20 55
9 24 73
26 10 86
5 18 59
42 19 40
34 13 76
2 38 52
34 20 83
35 25 39
40 37 7
8 39 73
20 39 11
4 25 82
41 16 28
22 29 25
22 33 47
17 36 78
35 12 63
11 32 25
21 37 6
14 27 86
42 20 75
41 16 95
4 33 26
9 16 92
27 2 96
12 40 96
22 28 28
22 40 30
30 36 67
34 13 68
18 24 61
17 24 91
18 25 63
21 12 71
35 4 3
20 12 73
29 24 39
1 8 65
40 14 37
3 34 36
21 33 67
16 30 39
5 2 58
26 7 58
39 37 55
28 42 31
34 22 58
42 25 64
26 19 14
5 38 31
39 6 12
15 38 53
4 12 48
33 8 41
38 35 82
33 6 80
22 9 3
13 33 10
3 30 43
29 20 37
32 33 55
36 17 62
40 34 11
32 3 31
27 42 5
6 10 46
32 19 25
43 9 18
6 2 2
17 6 44
42 17 11
7 29 21
16 32 66
5 39 53
42 37 90
41 34 26
21 41 73
34 42 19
34 9 60
35 3 88
19 3 78
20 2 56
7 34 19
26 19 92
27 16 6
33 7 64
27 18 34
34 20 30
42 26 24
33 3 2
43 2 38
31 42 68
1 30 88
41 32 49
15 4 59
38 12 87
3 6 75
28 5 40
22 25 75
16 20 7
16 9 57
27 8 49
42 3 42
40 13 17
22 42 84
17 5 24
9 26 15
6 36 6
40 33 3
9 14 46
30 7 76
28 21 50
6 27 61
31 1 70
29 27 74
25 22 44
4 23 45
16 8 38
1 25 74
15 3 21
35 36 95
1 6 79
29 43 68
32 21 28
23 7 86
22 43 98
36 8 80
3 29 68
35 43 45
17 29 26
27 31 59
6 24 19
3 20 69
40 18 86
38 30 44
15 7 84
3 41 16
42 38 47
41 40 90
25 4 38
2 19 98
21 9 86
43 27 57
5 35 36
12 27 96
8 22 34
25 40 68
18 31 46
14 28 39
13 21 15
15 22 14
43 42 27
38 17 19
30 2 75
41 25 29
36 17 94
8 42 79
35 42 54
40 11 31
10 27 40
21 39 12
4 10 55
27 11 62
28 39 14
29 9 86
18 30 83
36 34 43
18 16 51
12 8 17
29 17 48
42 39 42
8 10 80
33 40 12
1 42 63
3 9 47
23 11 45
35 21 19
10 6 23
29 24 76
40 43 32
19 26 87
11 14 62
18 33 61
1 36 9
21 31 6
16 26 95
3 24 11
24 12 5
20 37 81
4 41 14
35 20 93
40 22 45
28 43 33
7 12 91
22 13 81
16 18 12
21 13 85
43 26 36
26 40 92
13 24 16
13 22 14
9 32 47
19 3 90
10 3 32
25 39 82
18 9 77
38 24 15
15 8 70
20 14 3
25 1 4
7 25 32
42 21 47
22 23 48
6 39 53
16 41 93
17 25 81
29 10 98
7 17 52
30 38 4
41 9 2
30 25 76
10 37 17
2 28 52
30 42 45
24 16 88
30 35 2
13 17 100
25 4 59
33 25 45
36 23 42
24 10 25
9 22 17
13 18 43
11 38 99
13 9 69
12 8 81
25 28 88
20 22 31
33 15 14
1 35 22
23 11 38
15 27 48
11 10 51
12 5 3
43 37 86
3 12 78
26 29 30
12 5 2
38 15 32
3 36 34
7 38 75
14 5 52
13 4 1
33 25 63
42 17 56
39 29 15
25 27 34
30 39 75
9 13 4
10 34 45
17 14 32
31 30 4
38 35 17
33 35 79
13 40 96
1 14 23
14 11 68
7 28 86
34 18 25
24 1 100
32 33 9
13 27 65
19 28 44
39 22 18
30 7 79
1 35 47
22 31 60
5 4 93
31 43 16
26 5 71
4 24 74
21 25 9
27 10 61
21 20 68
22 34 3
37 15 85
38 21 60
23 43 67
27 17 91
4 20 33
17 12 25
40 37 4
18 26 10
13 43 48
43 23 99
41 31 12
11 1 3
15 38 86
14 35 35
35 39 64
43 37 16
38 7 15
31 9 52
6 21 66
29 31 52
27 40 72
21 12 85
26 11 27
4 11 83
3 28 90
2 31 57
25 8 100
23 6 67
1 16 91
39 19 6
15 39 70
14 9 3
7 2 15
29 4 40
34 24 65
7 39 78
9 12 13
30 43 16
20 29 12
7 22 78
43 17 41
23 18 41
7 37 43
11 42 47
24 39 40
4 15 22
2 30 53
17 5 77
37 9 94
9 29 84
13 32 24
34 18 17
30 2 21
36 41 37
19 35 2
38 32 43
10 8 44
42 16 66
28 25 17
14 11 68
1 17 65
19 39 65
30 27 61
36 11 35
10 21 57
28 43 87
20 5 25
9 36 100
25 38 79
3 30 80
36 19 52
20 29 100
2 4 65
17 6 99
23 34 5
21 8 70
18 39 51
23 5 68
33 35 29
37 3 74
42 26 70
38 10 55
43 10 43
27 30 72
29 25 32
21 32 3
1 4 93
35 5 72
40 4 39
21 29 87
21 4 38
43 13 32
24 15 79
43 11 40
9 11 28
18 21 86
12 7 36
25 40 35
35 29 55
12 30 70
29 4 16
12 19 44
3 4 47
36 1 64
42 38 14
21 24 47
8 42 84
8 2 20
13 24 39
21 17 38
17 31 13
30 29 43
31 36 43
38 30 55
20 7 56
9 14 9
7 11 67
34 41 46
36 33 53
4 16 25
37 16 52
2 22 70
22 34 57
14 39 33
24 31 58
37 32 32
33 25 99
35 12 55
22 21 34
19 11 54
21 27 81
13 30 49
12 7 69
40 6 53
6 21 31
23 27 36
3 21 7
32 13 20
8 34 68
23 20 28
11 26 59
39 3 17
29 27 20
16 9 71
40 43 62
2 24 56
3 42 61
8 7 7
24 25 96
29 17 13
15 1 97
2 42 56
14 18 83
27 19 2
26 7 60
16 15 12
21 17 8
27 25 92
35 34 40
5 10 41
20 38 67
23 34 91
31 11 54
13 29 89
11 28 50
32 30 21
6 21 89
22 37 57
16 7 89
27 18 25
18 12 37
13 7 63
10 29 58
6 37 66
29 18 92
16 41 27
28 16 38
6 21 53
12 42 6
34 22 13
9 34 3
29 22 68
9 30 97
5 31 87
40 38 73
34 28 45
23 29 9
5 11 14
41 16 76
34 17 26
42 7 62
13 26 60
43 29 49
33 37 36
3 2 98
21 4 80
42 37 27
28 15 26
34 24 92
17 2 82
11 8 61
30 25 92
43 29 86
36 16 45
28 27 57
19 16 59
42 13 18
7 23 47
14 20 67
15 13 47
3 8 68
11 23 2
12 7 51
4 38 27
29 21 33
38 26 64
3 6 15
11 15 28
37 2 83
17 4 4
34 19 33
41 29 72
24 3 96
9 25 22
22 18 99
34 37 56
38 10 57
25 27 42
16 38 49
43 4 85
19 17 24
38 2 12
18 25 71
16 43 60
3 23 80
15 6 23
29 37 86
17 25 60
31 40 59
8 41 42
2 7 93
1 29 96
25 30 21
20 30 75
41 7 47
31 42 20
15 12 84
3 33 22
26 11 40
39 8 63
21 17 55
30 7 28
24 18 20
9 34 71
27 18 75
7 40 37
37 42 75
25 6 76
15 25 70
13 14 3
37 32 90
29 3 78
41 6 50
13 22 20
19 16 81
3 41 69
17 11 90
22 11 10
5 18 94
37 4 18
42 38 12
9 20 61
10 18 21
19 9 36
16 4 36
15 1 10
37 21 84
5 25 47
40 25 19
18 14 58
27 18 69
21 35 52
29 13 5
11 42 57
15 4 73
5 4 52
16 7 55
13 15 92
32 18 7
23 18 14
27 2 50
10 25 63
43 30 54
36 24 82
40 43 26
43 36 70
33 40 84
20 33 54
39 14 50
2 20 63
15 39 20
21 9 89
5 40 28
37 12 41
23 27 56
1 21 90
30 9 39
36 34 64
19 32 41
38 12 60
35 7 80
24 38 76
14 40 18
36 8 71
1 20 82
7 35 33
28 7 37
29 17 34
11 31 45
12 22 18
21 30 13
15 28 60
20 25 36
27 21 16
28 9 43
38 9 16
36 42 38
12 22 61
31 39 41
28 4 98
28 5 21
13 7 65
15 36 11
25 2 42
10 41 30
29 15 30
6 29 21
23 8 94
37 11 1
37 26 2
37 2 52
1 40 58
6 3 100
42 27 13
20 8 26
30 4 7
19 15 53
26 8 59
41 16 15
13 34 85
34 7 7
23 37 72
9 41 37
30 29 63
6 23 35
10 7 91
42 18 48
38 1 35
7 13 14
42 23 11
20 14 95
39 27 1
19 27 42
9 43 85
42 20 49
11 10 62
41 33 87
34 9 66
10 37 24
19 33 41
18 28 72
17 27 44
25 30 26
34 19 64
31 8 29
3 17 19
17 4 25
13 21 10
9 8 54
11 18 57
33 13 9
12 41 95
17 22 67
28 2 15
27 14 80
25 3 45
12 42 9
26 38 65
43 10 1
1 16 63
43 29 90
18 41 60
24 43 69
12 15 43
32 13 45
21 3 26
31 36 18
41 3 92
24 34 53
35 25 75
41 31 48
23 6 67
35 34 46
34 39 97
43 12 20
9 31 71
19 38 84
5 11 86
8 42 73
24 30 40
14 6 63
31 18 91
18 17 27
23 16 54
6 2 70
10 36 72
10 35 66
17 1 24
4 12 54
36 16 31
40 11 99
19 3 68
37 2 84
12 37 3
38 40 87
36 15 21
36 25 64
35 34 19
39 2 31
3 8 3
41 42 13
14 5 3
27 42 34
34 6 73
29 32 55
11 21 78
42 10 31
7 32 59
2 31 54
3 10 87
38 37 43
19 6 64
32 29 41
41 19 11
15 8 28
14 9 42
39 10 48
1 8 28
26 12 77
13 11 52
26 25 74
4 43 84
43 31 59
42 27 28
16 1 79
13 43 21
26 41 88
38 34 87
43 29 66
33 1 81
19 36 27
42 19 50
23 5 35
34 7 32
38 40 20
27 29 63
42 23 13
33 1 48
19 27 45
30 31 70
4 35 10
8 2 26
4 28 2
24 13 61
32 31 10
17 2 18
33 2 70
12 24 20
20 2 30
14 32 21
27 28 96
4 21 70
3 16 60
33 22 35
24 6 40
37 1 96
39 18 6
26 30 40
6 36 50
26 9 49
40 20 90
37 26 47
2 31 15
1 38 62
26 33 67
20 3 91
7 31 65
33 15 4
1 13 36
20 40 100
31 7 45
18 6 61
13 22 19
2 7 17
29 8 6
13 41 31
20 43 18
29 35 37
8 37 33
30 24 24
11 6 21
42 5 99
35 14 84
33 26 31
21 35 72
23 10 73
3 32 18
34 28 70
38 31 2
20 3 35
21 16 63
17 38 1
12 4 98
2 25 49
26 4 77
1 19 10
22 11 74
4 21 47
1 3 67
11 39 53
10 15 62
22 25 65
24 34 55
33 5 26
34 22 83
20 29 85
22 29 13
4 16 49
3 27 39
5 19 79
14 34 62
24 12 37
42 1 42
27 39 27
37 41 58
36 19 77
31 17 34
34 22 13
30 38 91
27 42 15
5 14 83
22 6 2
19 26 46
33 29 71
43 3 91
8 40 70
42 26 75
18 30 86
16 24 12
23 39 94
41 28 71
28 6 14
34 24 2
13 33 58
22 19 59
27 26 22
40 10 15
36 11 74
14 24 33
20 37 57
17 14 72
28 40 81
17 15 58
7 6 96
40 1 71
7 16 6
7 41 23
39 22 43
12 10 90
16 1 75
10 15 13
38 33 60
29 24 90
19 1 70
12 20 57
31 14 10
28 11 51
19 37 94
25 23 36
32 9 36
12 15 50
25 22 27
17 29 2
32 14 87
40 42 85
23 25 46
43 20 38
6 23 45
6 41 49
16 29 59
15 26 25
19 31 11
33 27 2
7 33 86
12 37 59
35 41 49
34 30 58
18 13 16
22 38 20
33 3 90
42 4 9
10 30 86
38 20 57
22 7 53
6 39 88
17 10 3
40 20 81
15 5 52
27 1 27
37 43 1
3 25 91
27 23 2
32 2 42
41 43 76
21 34 12
18 29 74
40 26 34
24 36 45
41 32 11
14 28 9
4 18 49
40 22 43
20 11 38
6 10 49
26 42 55
42 6 43
10 40 84
34 36 11
10 30 67
33 39 33
40 14 87
30 7 74
18 32 90
3 28 83
26 13 2
34 23 6
19 1 76
28 19 62
24 17 16
36 37 14
26 31 82
15 40 90
25 22 8
26 17 47
21 36 37
6 14 9
17 36 6
25 11 37
39 1 85
28 18 15
40 8 96
41 14 29
35 11 52
16 27 69
9 36 12
41 8 67
23 1 96
22 7 67
8 9 93
40 10 1
26 5 42
11 12 70
28 38 62
10 11 5
30 11 29
19 11 66
34 39 79
12 22 97
9 42 62
38 17 19
38 23 22
15 18 95
35 36 62
27 1 99
39 32 65
32 23 6
43 32 5
29 6 72
2 39 87
13 18 46
30 24 37
39 42 27
8 34 64
1 15 75
12 31 75
6 32 48
41 37 7
42 17 65
6 24 44
26 24 48
16 25 1
31 26 9
16 15 16
33 13 50
2 17 49
26 22 59
33 13 96
31 38 53
30 38 100
20 19 32
28 17 81
38 24 52
23 29 18
41 30 49
20 14 41
28 40 14
24 15 1
32 14 44
40 11 74
17 21 27
7 3 97
20 17 12
40 1 17
2 8 40
19 7 50
20 42 16
25 30 63
38 15 26
12 24 74
30 26 53
33 12 26
8 14 36
8 21 33
4 30 82
40 35 53
31 40 26
17 1 55
31 35 42
30 38 35
38 39 88
30 11 41
31 8 15
33 43 13
5 3 48
10 16 32
18 4 62
31 23 79
8 31 36
23 14 29
36 20 60
24 11 93
16 17 78
15 28 81
33 1 8
26 41 7
3 19 9
37 38 14
21 12 27
20 12 35
35 28 47
39 37 81
31 36 27
1 32 54
40 20 18
35 40 85
33 1 66
14 41 4
26 29 34
23 36 75
22 29 7
23 38 11
25 16 79
3 36 9
29 17 46
14 43 27
25 40 11
25 16 92
25 1 91
21 12 75
29 16 60
4 27 68
11 33 72
8 11 47
35 16 52
24 35 89
28 32 97
21 40 72
42 34 93
41 36 49
23 22 94
6 28 98
19 32 4
20 4 100
12 32 28
36 25 47
6 2 82
19 42 37
5 31 24
36 25 62
30 32 28
12 5 31
26 16 49
40 43 52
40 31 95
18 35 6
28 15 36
25 12 38
18 15 83
18 1 29
9 28 44
1 43 51
41 2 55
41 32 13
18 19 57
17 8 95
33 27 12
21 33 77
17 2 88
14 9 77
26 12 52
9 6 77
30 3 62
21 25 85
7 27 41
4 34 76
16 29 100
41 19 65
22 6 43
13 3 65
29 33 93
33 21 66
36 16 21
31 42 4
22 41 37
22 41 25
42 23 95
15 18 69
29 40 93
7 20 31
23 20 84
3 15 93
20 40 49
13 6 37
38 24 36
1 37 72
22 28 10
30 43 29
27 17 17
38 42 50
5 17 53
31 14 85
1 34 98
11 28 93
11 42 50
40 2 12
41 25 9
18 43 86
31 8 84
39 3 70
40 33 58
1 36 8
39 37 80
35 34 87
32 21 79
24 40 38
19 11 60
24 25 43
39 22 94
31 38 83
27 43 75
28 23 89
39 41 84
14 15 12
10 36 31
40 6 74
30 41 67
20 6 32
16 22 5
14 13 83
16 41 39
10 25 31
41 21 92
10 15 77
34 12 87
41 3 1
20 30 85
18 39 86
30 4 52
4 13 95
18 9 53
33 20 15
6 14 88
33 10 94
38 27 51
3 41 89
25 14 96
23 30 36
9 32 66
30 5 7
18 34 65
22 7 93
17 24 73
14 43 38
37 36 33
19 31 54
33 11 79
39 13 61
14 19 93
17 5 59
4 7 45
27 41 32
7 40 29
28 18 65
37 43 45
37 11 43
33 12 29
4 28 72
25 24 16
41 34 18
40 43 6
4 23 63
17 38 79
9 41 4
31 41 46
38 24 69
7 11 2
9 30 65
43 23 44
15 38 91
10 8 25
20 23 53
8 32 16
11 4 74
6 38 50
13 2 86
21 18 70
24 12 66
7 42 71
16 20 91
41 9 45
43 6 71
15 30 16
12 2 11
33 28 42
6 14 83
41 9 100
38 12 16
9 33 49
2 8 5
7 39 89
37 15 28
10 40 36
15 2 89
2 19 69
40 4 46
26 27 73
4 40 72
13 22 84
42 5 48
27 34 25
24 5 10
2 30 14
1 8 84
29 39 35
39 25 45
16 11 97
31 3 76
5 2 54
39 31 92
36 24 22
25 36 31
7 26 31
12 39 87
36 18 43
6 16 50
1 24 100
32 37 1
28 9 71
14 43 95
3 12 10
28 15 29
22 30 58
42 10 30
33 17 53
29 9 10
4 7 3
17 41 14
12 34 100
33 10 59
27 2 8
5 33 77
34 3 2
19 7 21
20 11 94
31 22 34
27 11 1
8 4 32
37 40 34
42 4 66
21 43 72
9 20 88
37 17 80
35 10 18
25 40 24
25 31 43
12 22 15
25 1 14
31 18 93
4 38 24
15 7 49
5 7 35
41 20 37
9 16 50
39 17 13
43 10 42
23 8 53
31 3 58
24 25 7
10 42 72
32 3 48
31 39 73
20 18 27
7 40 71
24 32 92
3 24 22
37 38 76
1 30 97
35 40 99
21 42 94
28 11 88
28 10 94
7 43 33
12 21 32
34 28 59
38 12 74
32 20 30
10 12 72
26 42 72
10 13 59
25 35 91
37 13 58
35 41 16
10 29 100
16 12 30
23 11 10
30 3 44
8 12 38
28 20 84
13 38 8
7 28 64
32 12 41
11 13 43
1 19 15
10 25 33
33 4 38
22 26 29
35 21 16
42 26 82
9 39 19
11 26 68
15 29 89
15 25 82
8 17 52
26 11 39
35 25 27
19 21 21
12 25 9
14 15 66
40 33 2
4 11 38
29 23 93
42 39 74
5 6 83
8 10 41
43 2 38
16 33 32
1 12 95
12 3 77
1 3 28
41 13 59
36 42 57
36 25 19
40 2 70
32 29 90
42 28 12
1 32 84
41 20 19
41 19 31
5 30 67
8 35 19
11 10 74
13 42 93
35 24 98
35 43 43
11 37 42
19 6 21
22 12 41
39 36 12
19 5 64
17 24 76
7 22 54
34 38 72
22 11 44
22 33 82
5 33 14
17 21 13
37 26 13
32 20 46
43 25 60
14 6 8
1 2 39
8 42 33
28 9 91
1 7 24
34 41 64
32 11 97
12 22 57
31 34 23
36 22 11
24 29 51
1 37 96
19 20 92
30 12 75
27 23 51
11 13 27
15 8 78
1 30 64
27 9 98
34 32 100
12 16 84
36 37 73
26 35 72
23 16 29
29 10 66
27 32 98
31 7 44
13 8 27
2 24 100
27 1 61
22 35 65
36 33 43
6 24 49
4 1 6
6 19 19
30 1 72
10 41 37
3 8 68
6 27 9
21 41 100
26 25 26
36 6 45
38 4 57
23 17 95
36 15 64
35 43 85
28 18 85
40 18 44
23 4 71
7 17 58
38 37 39
9 37 38
31 33 9
23 1 94
15 16 67
27 4 22
10 26 17
11 17 70
3 6 36
11 14 38
41 19 26
35 21 7
24 27 13
37 10 42
22 33 88
33 1 70
19 14 41
2 33 9
21 31 12
8 6 16
37 33 5
10 20 82
5 1 81
7 19 25
10 9 96
29 30 39
38 23 54
11 29 84
30 20 100
12 9 47
6 23 78
41 31 33
31 39 91
16 40 100
30 35 53
13 29 1
7 3 29
7 35 32
19 17 30
4 40 96
22 17 36
37 14 75
4 27 65
15 28 92
22 26 78
9 23 30
6 38 94
20 31 26
30 15 50
23 24 43
8 24 71
22 2 26
17 32 100
24 31 22
2 19 23
39 22 56
1 37 55
31 30 51
1 27 21
35 41 34
35 26 27
35 30 96
25 5 53
25 42 61
30 16 18
35 41 10
2 32 23
19 35 28
24 30 12
39 33 47
12 29 47
39 7 28
24 23 92
13 9 25
24 25 92
17 29 36
19 2 35
33 9 21
10 24 4
1 15 27
14 28 20
15 29 75
10 40 56
15 20 73
29 18 25
18 38 73
33 43 28
12 28 89
41 27 29
34 32 81
14 3 61
4 37 86
4 34 62
33 37 68
43 10 64
10 23 42
35 23 35
7 13 82
38 32 78
34 43 16
14 5 37
30 42 37
6 9 35
28 35 39
12 39 17
8 21 10
16 4 97
33 40 62
1 25 24
22 13 60
4 10 6
40 7 71
26 15 69
23 8 79
25 21 47
17 2 46
37 43 20
39 32 71
21 22 2
29 19 66
33 36 55
3 36 51
32 17 66
25 21 95
2 1 80
10 25 75
5 40 87
30 6 90
2 31 48
11 16 64
31 6 76
26 35 46
39 11 33
8 23 16
2 27 65
26 36 33
36 17 18
25 41 6
12 22 86
25 20 37
35 42 80
35 3 50
37 1 94
29 13 26
36 41 20
26 8 97
16 9 72
31 37 74
23 40 3
11 31 99
27 43 11
12 26 27
31 19 45
25 43 37
23 25 81
10 18 45
42 35 63
36 29 45
1 38 77
16 31 61
15 14 63
13 12 77
6 9 99
39 16 2
38 24 51
23 8 32
5 21 95
2 33 59
2 21 96
28 1 81
8 15 63
31 28 14
16 30 12
31 39 14
3 6 89
27 7 72
22 6 62
39 5 13
6 22 12
33 22 73
14 3 8
25 10 44
28 11 89
10 18 81
21 14 56
37 731
23 9 97
34 20 7
4 22 70
26 9 15
32 15 49
33 27 25
26 28 49
15 26 48
31 11 33
35 22 68
33 10 44
27 24 27
35 28 45
29 3 73
19 26 90
14 17 80
35 4 81
30 23 33
11 20 56
34 28 65
26 21 17
2 37 44
19 21 72
24 16 82
5 7 28
12 34 19
19 23 57
2 36 41
30 2 8
37 21 29
34 31 7
37 28 56
15 20 70
28 29 34
19 33 96
3 30 4
7 12 81
35 13 7
24 25 3
11 23 64
7 20 27
33 3 29
26 10 100
25 6 41
37 19 88
27 22 29
10 35 18
8 2 19
26 10 13
28 24 43
31 28 58
10 6 3
12 4 31
21 24 50
20 2 92
14 15 39
4 27 41
8 31 80
27 33 49
20 4 60
5 13 44
36 28 65
1 14 42
27 4 45
9 17 96
13 21 97
10 22 17
28 1 92
33 36 96
19 8 51
7 8 69
18 35 78
25 11 81
35 20 93
37 20 52
7 30 23
27 6 75
3 19 19
9 1 1
9 2 10
36 26 86
26 35 41
21 16 58
9 17 97
9 26 3
31 5 66
12 27 63
2 30 32
5 6 25
5 22 65
16 18 15
17 2 10
21 18 22
4 3 42
30 29 54
2 14 38
17 29 53
1 13 84
10 2 1
3 10 30
12 22 80
14 3 91
10 3 17
5 14 59
25 4 4
25 10 7
27 10 76
11 22 65
33 37 64
5 26 71
34 24 9
9 22 10
27 31 15
3 11 23
9 36 40
19 30 47
22 5 73
36 32 96
25 7 71
7 1 87
27 15 35
27 11 58
32 29 98
17 36 49
1 33 9
28 9 22
35 25 9
18 14 40
36 18 58
25 21 47
14 7 26
1 15 66
26 18 86
33 15 24
30 28 86
18 32 14
18 24 15
19 36 44
12 2 32
19 2 89
19 11 20
11 5 13
14 24 99
17 9 24
11 36 7
35 33 57
35 24 92
1 8 82
9 7 21
32 15 77
33 37 32
7 12 14
14 13 42
26 3 95
34 16 100
13 9 69
37 5 57
12 31 68
27 34 56
18 24 11
23 9 45
17 6 90
29 21 33
37 34 81
7 4 5
35 37 14
15 36 27
12 31 51
13 37 56
20 3 28
37 3 50
32 35 73
33 24 32
24 35 26
7 27 22
14 9 10
27 7 67
13 28 15
6 25 41
4 19 99
34 29 98
5 13 41
2 21 45
28 3 67
12 8 64
1 22 22
31 19 78
24 31 54
31 37 21
33 31 56
19 35 84
10 24 61
15 1 55
15 7 47
10 14 50
19 25 48
25 24 93
33 12 98
30 9 85
15 16 38
30 11 39
3 32 65
17 20 30
7 5 36
3 5 46
35 11 85
24 35 19
35 16 7
15 16 72
23 1 12
25 28 29
29 7 61
4 22 6
24 19 35
7 2 58
2 36 27
6 2 20
12 22 6
24 37 32
9 30 61
17 35 25
33 16 95
3 28 37
8 14 32
37 4 33
27 34 97
18 17 35
30 23 69
26 14 41
12 27 78
3 17 38
28 8 17
32 1 6
5 1 31
14 27 69
34 24 72
35 28 37
29 6 35
4 34 69
35 33 87
10 20 30
1 19 33
36 3 11
28 13 41
13 19 57
3 11 67
21 27 2
12 29 76
18 31 95
11 24 36
1 12 74
34 29 55
4 13 11
15 35 71
26 3 30
33 24 60
27 8 40
13 12 84
7 9 95
10 7 8
5 27 90
29 31 36
36 16 54
5 25 9
34 28 68
27 26 35
18 28 87
18 20 61
31 36 64
5 9 17
18 4 84
19 17 73
12 28 79
27 5 44
7 4 4
1 24 35
21 32 22
33 35 32
3 9 29
29 25 37
31 24 44
20 13 45
3 19 31
10 16 12
2 23 59
8 24 63
1 14 10
32 29 59
19 9 90
14 35 7
27 24 32
23 31 29
30 26 6
12 2 80
36 33 9
8 35 70
32 18 12
25 34 20
34 13 17
13 27 17
24 12 10
3 24 6
7 26 72
15 30 92
29 34 84
28 32 7
10 1 71
23 15 38
25 8 56
35 6 78
8 34 93
6 12 36
33 34 37
18 35 17
16 2 94
35 32 21
2 22 52
21 5 94
34 21 48
9 8 44
23 8 7
3 6 98
12 27 74
37 3 4
25 20 9
2 10 53
1 16 100
30 24 32
12 18 22
15 31 50
31 30 4
13 29 13
5 34 19
19 9 87
27 25 45
9 32 97
30 2 51
9 3 100
7 5 38
30 33 64
9 24 15
16 29 5
13 18 41
32 8 67
31 27 99
7 15 54
36 37 12
18 36 73
5 35 42
24 6 55
14 4 99
9 4 95
7 33 55
12 36 81
6 17 83
12 36 15
22 1 53
37 10 17
2 28 44
8 2 16
11 6 36
23 32 54
9 35 50
6 23 92
17 27 18
34 2 59
5 15 57
37 20 42
36 4 30
11 5 42
21 22 17
4 1 9
37 28 82
19 25 11
13 4 89
16 27 77
10 21 59
19 17 65
29 23 7
19 14 72
37 24 31
25 13 6
4 15 77
37 19 36
11 4 22
4 10 48
31 7 82
15 31 56
37 1 6
20 31 35
37 17 79
36 34 24
15 17 52
6 31 69
23 17 83
26 14 62
31 1 33
6 17 61
29 6 100
29 31 73
24 15 39
21 16 100
29 23 75
32 13 3
27 18 56
29 26 60
34 13 35
18 30 82
27 13 55
35 16 81
11 10 9
6 37 95
36 20 97
24 34 21
9 16 55
17 32 84
10 8 100
10 16 31
24 20 99
3 35 30
29 34 46
24 7 88
21 19 58
13 9 66
20 22 80
9 2 30
29 30 69
18 2 27
36 9 75
13 33 48
10 16 90
29 25 71
32 27 87
18 22 90
13 24 22
23 1 60
36 13 95
4 1 60
37 20 98
5 32 77
27 35 97
9 36 44
12 28 84
3 35 37
20 4 86
22 8 42
18 25 24
2 33 82
24 23 40
29 31 66
23 28 95
13 14 90
20 17 51
10 33 85
15 7 27
10 19 83
3 8 93
23 22 44
13 26 75
24 35 4
28 11 69
23 34 72
28 26 32
16 27 48
8 15 74
19 29 36
9 37 40
11 1 5
14 26 40
1 9 15
12 11 46
10 4 52
23 16 23
3 5 65
2 24 3
14 5 75
21 12 99
2 16 59
5 4 1
31 20 47
27 18 96
25 1 29
15 35 5
15 7 4
9 30 33
27 13 20
30 19 48
1 7 60
25 28 4
32 19 54
35 22 86
36 11 93
2 33 45
18 24 96
37 35 98
22 17 24
12 26 92
4 32 61
26 8 88
10 12 60
29 11 29
28 17 8
5 23 7
2 24 98
37 7 100
24 31 99
24 37 72
4 35 59
2 6 92
20 31 11
6 22 2
9 6 87
30 1 78
19 7 6
25 20 11
27 19 64
32 8 40
25 13 81
14 22 69
22 11 64
28 30 10
32 23 18
5 32 51
34 9 90
1 37 40
34 25 12
21 18 28
4 33 12
4 16 97
27 8 40
17 5 72
2 15 26
28 23 96
13 37 85
2 30 77
5 24 97
36 34 83
22 7 75
3 30 17
32 11 80
17 24 10
23 7 47
11 37 45
30 32 36
30 14 92
21 26 80
12 35 40
23 26 13
25 8 5
22 15 9
31 5 8
35 10 77
16 36 25
36 6 11
1 33 73
8 24 35
35 33 71
36 26 89
20 14 41
20 30 72
17 4 94
32 29 20
30 5 36
9 22 66
36 16 34
17 2 24
6 18 51
3 15 88
3 23 25
33 13 97
4 21 73
16 7 50
5 30 85
27 10 65
17 10 27
24 8 18
11 5 25
1 23 42
21 30 85
31 18 70
2 9 39
11 37 72
21 4 33
13 12 68
33 8 75
17 2 20
11 12 98
33 34 42
30 27 89
24 23 72
24 16 6
5 3 19
15 23 2
32 5 79
36 8 36
27 16 81
17 33 72
37 26 55
14 18 17
37 4 51
24 37 72
13 22 46
18 11 8
17 24 84
3 2 4
13 32 11
6 14 76
22 8 68
20 7 62
8 37 42
30 24 23
15 16 31
10 35 31
31 33 83
1 5 80
13 5 8
27 18 38
1 24 55
9 31 52
23 32 1
28 2 55
30 1 75
32 1 57
12 26 36
29 7 63
19 17 14
15 18 63
10 21 30
4 1 93
14 3 89
28 15 43
16 11 13
12 34 67
27 3 22
28 8 81
2 29 43
18 14 59
29 18 76
19 34 20
35 27 2
19 9 67
30 35 71
9 5 39
22 10 27
8 26 66
25 30 60
11 30 28
7 26 54
13 32 99
31 1 90
3 11 2
28 12 77
18 32 80
7 17 72
11 12 1
26 17 40
7 10 21
1 23 48
3 8 97
34 2 40
32 16 61
19 28 42
17 15 70
35 13 57
31 7 46
3 4 62
22 37 27
16 15 49
16 21 82
13 15 62
16 35 89
10 29 86
23 30 66
9 16 61
3 5 54
36 8 64
9 33 51
28 31 82
8 12 22
29 18 74
21 34 37
23 24 72
32 23 74
3 29 17
27 24 80
23 37 61
23 9 8
7 23 2
26 20 42
27 22 53
12 13 62
33 8 90
33 34 60
29 9 30
14 37 13
3 20 95
37 3 1
24 27 50
3 26 84
19 18 84
20 21 37
17 30 65
21 3 9
11 14 76
17 1 95
19 22 84
18 25 23
23 5 71
18 14 57
18 15 38
26 31 29
22 37 6
16 3 98
24 13 77
24 18 87
33 15 45
6 16 13
24 22 83
37 32 7
21 5 98
34 2 92
18 29 89
30 29 49
12 1 33
25 4 40
30 2 83
13 17 82
4 34 44
23 17 91
36 4 42
20 6 90
37 73
8 3 50
31 34 29
35 27 94
32 23 84
10 33 44
20 5 11
16 32 55
22 2 92
10 30 82
20 26 24
16 25 38
26 12 85
26 23 67
9 22 41
10 2 63
13 11 48
27 31 21
3 31 18
29 9 80
16 1 45
9 35 89
23 26 17
8 29 62
33 10 59
32 2 44
15 33 18
22 20 84
10 18 14
21 26 26
19 27 56
26 22 64
23 24 36
20 13 1
25 30 55
4 7 22
35 16 36
21 5 69
26 9 7
1 6 75
15 31 23
13 18 97
4 23 85
36 7 99
30 24 4
31 19 77
7 24 19
14 17 33
14 33 15
31 20 26
24 23 29
10 35 7
31 21 56
5 2 9
22 32 73
20 3 32
35 17 33
12 13 72
9 25 30
10 25 45
18 1 2
19 17 78
19 33 38
19 2 85
20 7 96
26 1 82
17 22 49
7 22 64
29 5 9
10 23 78
26 37 98
19 16 30
26 27 54
21 11 48
55 1523
54 6 36
30 14 26
1 15 54
48 29 1
24 12 69
8 27 23
1 23 81
2 19 46
15 7 39
44 5 93
20 55 80
21 18 35
11 53 26
16 46 51
28 13 51
22 53 3
26 12 86
46 51 27
2 50 35
38 21 58
23 22 50
14 29 46
48 27 77
34 8 39
10 44 4
43 36 100
18 14 17
18 54 58
48 13 41
18 28 90
31 8 39
35 4 53
38 39 65
30 22 79
1 50 16
52 38 8
17 40 89
50 48 33
53 45 33
22 28 19
30 49 23
31 10 37
3 12 20
36 24 36
44 19 83
6 39 40
37 24 28
15 36 26
20 14 14
52 19 83
42 9 22
51 4 57
2 40 16
5 51 82
36 14 73
19 27 77
6 39 28
44 37 24
33 45 3
34 27 68
17 41 3
53 37 42
10 49 26
7 23 85
52 19 52
2 3 49
11 6 10
33 37 67
2 40 46
47 1 89
45 9 44
42 35 3
9 7 97
48 8 42
20 15 46
20 25 49
33 35 97
13 35 22
52 23 38
40 52 68
13 5 100
49 39 29
54 39 49
15 27 48
19 47 36
21 53 45
8 50 36
24 54 68
24 50 100
39 8 35
38 31 94
48 28 71
28 11 42
4 43 19
47 15 41
27 47 33
12 20 78
4 7 64
49 37 68
53 41 19
2 6 33
2 19 66
38 51 99
47 23 25
44 46 86
15 28 53
55 39 18
19 52 34
27 35 4
25 47 91
28 30 85
14 46 62
32 7 40
28 12 66
16 27 74
2 25 90
45 41 46
52 7 2
4 46 14
55 46 14
44 33 79
29 53 1
35 41 67
48 19 68
51 29 62
52 28 60
39 30 58
32 30 67
35 13 40
38 18 77
44 6 96
17 53 63
32 5 97
12 25 77
42 35 14
52 21 95
20 55 36
24 4 29
24 52 78
8 36 7
48 20 45
31 26 96
8 46 98
54 46 48
49 52 64
16 34 80
16 23 20
29 32 44
7 37 97
53 14 45
29 24 75
27 28 27
42 19 39
25 31 36
2 28 84
49 16 75
41 28 25
43 41 100
48 19 53
49 37 91
54 8 20
10 27 77
15 10 81
39 30 18
3 46 69
21 37 47
11 52 61
29 33 85
24 35 50
19 25 78
8 16 37
10 8 23
22 53 20
29 43 62
36 52 38
39 11 31
45 16 22
10 28 37
3 46 35
46 52 80
44 18 5
55 54 86
47 34 85
7 26 19
12 10 69
10 5 92
19 6 10
31 3 43
26 24 9
14 48 60
34 1 20
23 19 4
26 54 66
5 14 50
54 11 18
17 40 42
55 5 11
19 5 4
7 18 66
11 38 51
29 26 9
53 2 100
47 23 60
23 9 27
43 7 19
13 54 1
44 22 54
10 31 87
7 13 74
41 29 26
7 38 82
55 45 48
26 30 31
21 12 70
51 2 94
4 13 64
7 4 85
13 50 23
53 45 75
48 50 38
44 51 24
53 35 50
31 42 57
36 24 48
24 17 89
14 16 87
45 17 74
19 24 10
29 40 46
31 24 80
4 29 67
43 31 72
36 54 21
24 30 46
2 27 63
17 54 49
46 50 61
45 15 81
46 24 92
44 33 53
41 30 54
42 26 84
38 3 100
22 24 1
41 19 91
51 1 25
7 47 100
26 16 20
33 46 5
31 24 64
18 20 55
4 39 100
14 36 45
25 12 6
27 30 65
42 24 43
43 22 29
27 3 67
7 13 93
17 48 79
40 35 3
3 49 59
32 6 92
36 47 68
12 6 99
37 41 10
36 50 21
13 40 79
47 1 54
9 36 86
41 36 59
4 51 31
55 26 30
55 45 66
20 3 32
14 30 85
19 41 82
41 19 25
22 41 23
16 12 94
23 21 32
20 21 42
31 51 30
30 51 85
5 23 94
11 17 86
52 54 25
45 35 90
23 2 93
37 16 69
12 53 55
4 53 99
31 48 76
39 10 51
7 10 88
44 33 25
14 13 28
47 6 70
9 17 63
50 41 22
10 17 36
42 22 83
2 20 36
4 18 60
3 10 3
34 2 70
46 30 73
19 54 40
43 21 31
10 48 44
18 38 97
24 39 68
32 47 9
10 31 95
16 33 38
37 48 38
53 27 63
7 11 65
31 4 16
18 9 43
11 25 73
29 46 73
33 29 50
50 3 8
17 44 63
13 15 47
15 52 79
54 19 18
27 51 94
25 39 17
7 28 3
32 15 35
49 55 90
17 40 30
25 54 56
52 20 27
12 48 79
23 37 59
47 48 63
34 27 44
17 40 69
38 18 26
17 33 52
45 31 78
23 35 7
28 11 14
15 19 40
43 52 8
15 5 51
36 15 85
9 53 93
54 47 1
37 7 3
44 8 41
23 55 13
50 14 71
55 4 9
45 13 49
18 44 58
36 23 94
38 11 45
38 46 15
32 46 41
29 18 34
37 12 7
23 18 29
8 55 18
37 39 29
5 23 32
55 17 17
1 38 78
22 46 8
42 13 42
10 52 92
8 7 50
23 28 91
38 44 75
16 10 59
38 18 18
32 14 41
40 7 45
23 55 55
37 41 7
25 40 8
36 39 99
15 4 85
43 15 42
1 20 95
37 31 40
22 20 45
10 53 85
13 40 49
16 7 46
5 9 16
26 50 70
4 42 81
15 9 80
14 29 91
10 25 34
54 18 1
31 4 65
22 50 77
47 34 74
43 33 28
38 27 15
45 32 11
29 27 90
10 26 73
49 9 22
53 46 50
23 22 86
10 17 13
54 40 100
20 15 8
55 50 49
34 30 66
33 11 99
53 7 33
51 7 38
2 45 18
47 55 62
19 55 43
40 37 85
43 35 75
43 38 16
23 9 20
25 34 92
10 55 55
16 4 94
33 14 67
53 42 83
22 23 38
8 42 38
12 39 56
31 9 41
15 3 14
27 14 60
24 6 16
7 27 72
53 45 30
3 48 76
27 7 5
7 18 23
17 46 6
44 2 72
42 15 66
53 1 94
29 38 90
33 6 16
54 27 90
4 47 82
44 14 38
41 34 20
15 50 49
41 19 54
9 13 38
20 35 45
35 36 55
53 26 21
53 52 41
54 6 14
21 33 4
16 41 89
6 24 94
35 25 72
23 21 64
3 33 68
32 37 14
18 55 100
6 42 49
33 54 41
54 29 60
31 25 81
33 16 96
48 41 7
30 16 14
10 26 6
45 46 72
48 4 2
26 2 16
9 16 10
18 24 60
40 55 41
19 37 90
38 4 2
50 52 17
24 2 77
32 55 36
53 30 20
35 11 5
35 39 86
38 35 52
7 55 16
37 23 85
42 12 97
14 28 88
22 51 13
50 9 30
38 52 11
16 54 57
39 24 65
31 48 77
17 4 57
50 49 58
22 25 12
54 48 20
46 48 54
14 12 65
13 52 78
30 34 45
6 21 84
39 40 91
6 33 55
44 27 91
40 52 20
19 53 48
6 37 24
6 49 88
33 13 81
35 39 26
34 29 46
13 28 35
26 48 70
20 50 90
20 33 48
14 22 47
50 5 9
13 5 53
21 41 74
50 30 64
48 14 95
34 40 7
8 41 13
22 8 84
27 2 91
45 38 6
25 3 52
23 35 44
53 7 50
43 32 3
55 51 44
32 16 6
13 4 17
19 7 70
23 33 16
45 32 82
20 6 50
48 44 54
5 9 72
38 4 18
49 22 51
5 34 59
14 52 39
50 52 16
22 53 76
13 21 49
36 14 74
15 2 35
28 42 50
41 50 79
34 36 24
53 52 98
39 33 53
21 11 85
36 47 64
27 55 5
11 47 96
6 2 26
15 31 12
46 55 32
50 10 67
11 26 20
15 12 44
35 30 49
14 20 81
34 14 44
45 19 59
53 49 45
23 51 62
47 13 73
10 33 32
29 27 18
51 35 70
8 12 25
24 49 88
29 6 52
31 55 50
41 26 19
35 21 30
39 55 56
36 40 36
12 30 64
35 26 92
28 4 6
42 5 49
50 43 40
39 25 66
5 49 6
22 37 28
30 37 39
21 42 93
29 37 28
46 45 58
42 49 92
50 15 68
8 29 84
28 53 35
19 23 4
54 22 64
33 54 40
31 7 28
4 10 68
32 16 63
31 52 16
24 34 36
27 33 13
49 43 42
19 37 74
34 19 11
37 43 68
49 34 55
2 46 28
13 40 32
11 34 91
43 33 99
54 44 17
20 5 11
7 54 19
35 13 26
27 16 94
47 38 37
38 3 86
31 55 24
16 11 19
14 46 31
19 45 33
10 23 71
14 22 45
16 2 60
36 52 42
32 38 24
55 1 90
12 2 1
48 25 31
12 49 52
30 53 93
45 40 33
22 6 44
1 33 44
38 9 88
47 23 43
40 29 23
22 48 95
20 9 46
25 18 100
29 43 70
54 10 70
55 24 97
17 55 81
32 19 49
52 34 49
23 36 83
12 42 89
1 7 69
23 25 18
44 50 54
33 52 50
27 29 4
25 22 4
16 17 89
52 35 36
51 19 18
4 27 38
10 42 26
9 24 11
38 43 48
17 14 24
10 50 89
22 33 65
54 45 31
39 8 29
12 18 99
42 27 48
43 40 44
27 45 30
7 3 87
22 53 44
38 25 9
8 6 74
20 39 75
5 47 36
28 6 50
38 13 66
54 46 3
13 39 61
36 55 70
29 48 8
15 13 94
23 50 70
2 6 96
9 50 63
38 15 54
42 17 70
10 20 26
48 31 77
42 9 45
21 45 20
17 8 92
18 50 96
2 46 63
46 35 63
45 23 44
12 9 1
30 46 86
49 40 57
9 26 29
24 15 83
21 42 92
3 4 3
32 29 4
49 10 95
23 46 85
19 26 25
55 52 83
9 19 60
15 7 9
47 46 22
42 20 24
12 13 80
3 37 55
48 17 63
42 49 5
47 31 4
36 21 50
14 36 45
14 54 46
24 12 37
15 24 23
13 20 40
43 49 86
4 54 40
53 7 36
32 16 18
39 20 10
22 42 76
9 16 95
46 10 59
17 42 39
18 27 46
12 19 70
6 10 50
43 16 11
17 42 8
31 45 78
14 36 25
25 39 50
2 20 89
15 46 78
5 45 37
55 20 53
16 1 48
15 26 74
40 18 37
30 37 86
9 53 95
19 21 19
30 10 95
1 47 70
3 6 43
55 22 89
34 51 78
19 5 84
37 8 69
35 52 99
8 31 70
40 7 39
41 38 59
10 36 54
55 21 10
23 45 30
32 30 55
6 47 100
5 31 77
41 55 57
54 36 79
50 1 27
22 14 11
42 17 19
30 31 89
47 4 98
50 26 70
16 1 77
20 26 19
51 14 45
46 47 56
32 51 92
25 45 33
16 5 44
29 9 15
35 8 68
6 31 6
18 36 78
54 25 25
21 44 50
4 53 57
20 55 47
51 46 73
6 25 54
15 25 28
15 49 50
10 19 32
37 36 23
46 14 88
51 52 12
35 26 4
13 50 52
39 34 78
30 21 8
48 41 27
24 20 19
55 46 26
42 32 20
29 18 30
46 53 66
36 35 9
11 50 6
46 42 44
2 23 69
18 42 41
19 11 46
38 55 55
6 31 25
6 19 75
46 39 97
11 6 34
30 20 24
20 8 35
52 7 53
50 6 85
25 33 49
55 19 22
31 36 50
30 25 9
12 17 13
27 36 61
19 34 88
30 1 91
42 32 27
13 49 48
53 21 66
4 13 23
45 54 84
16 30 22
16 7 64
22 30 28
1 27 50
54 20 84
37 40 24
45 55 15
8 29 80
52 50 64
6 41 38
38 13 80
2 32 81
25 4 34
32 41 65
53 5 68
54 9 62
22 44 17
23 41 49
6 43 67
14 10 44
12 55 92
17 18 33
43 7 27
2 50 31
33 35 59
41 20 39
8 46 73
5 33 66
15 39 54
16 39 74
2 17 17
21 27 27
30 42 10
12 29 50
2 29 12
33 47 30
4 14 59
26 35 7
31 21 14
4 42 1
11 34 15
23 9 84
44 39 61
38 13 55
26 52 19
35 4 58
42 6 53
30 23 17
50 27 43
20 5 20
40 23 46
20 41 18
34 32 100
55 35 55
16 1 17
35 20 15
32 53 34
26 43 16
47 42 17
5 44 21
25 14 3
48 37 32
20 11 56
37 29 50
22 16 87
48 49 54
48 38 61
3 35 68
27 23 89
11 18 61
49 4 47
44 22 84
55 41 89
55 20 60
50 6 58
11 27 3
5 48 38
21 23 1
31 55 12
25 18 23
55 17 34
2 26 34
9 22 67
6 32 45
28 26 3
51 52 50
23 50 66
18 32 60
32 27 9
24 45 38
10 30 6
25 32 8
5 43 90
24 35 49
49 46 54
2 7 4
41 34 69
24 13 81
13 32 81
16 10 38
40 52 62
48 27 35
52 39 2
39 44 89
37 35 50
36 45 58
10 53 36
9 34 88
39 8 90
27 13 91
29 45 99
24 30 53
13 32 37
19 21 40
1 15 79
27 32 14
36 52 50
3 30 35
23 30 85
10 28 3
51 30 98
36 38 97
6 42 79
4 22 40
45 8 82
6 35 27
34 44 52
26 1 35
33 15 48
32 26 11
17 1 87
54 17 78
23 16 97
34 44 38
53 13 54
39 16 8
37 13 42
19 10 29
40 11 90
23 18 85
50 14 17
6 5 30
7 47 42
13 22 22
51 28 21
16 50 29
21 8 98
44 25 47
20 11 77
44 3 43
36 47 25
39 40 64
33 13 7
10 18 38
50 52 17
40 37 57
9 29 93
14 23 33
23 51 65
33 9 33
50 28 76
22 50 85
12 19 59
44 6 89
1 46 83
10 16 88
54 3 64
43 41 81
16 38 65
4 27 9
53 2 77
1 42 64
24 44 30
34 50 85
21 33 84
3 12 63
35 16 15
12 54 14
54 8 34
15 2 58
53 54 60
48 15 37
25 34 22
22 8 3
43 18 66
5 18 88
29 54 59
50 12 63
16 21 70
27 35 71
41 37 29
51 54 67
2 38 89
15 44 54
21 27 10
32 23 66
16 24 17
10 54 100
14 34 75
3 41 60
49 39 79
49 13 91
54 39 57
10 2 91
22 50 49
48 45 65
1 43 81
7 19 16
20 31 70
52 19 61
8 24 34
32 1 92
8 36 87
31 49 21
44 33 25
20 14 92
47 17 61
27 10 99
27 13 46
10 20 50
48 46 37
14 9 50
18 23 62
51 23 17
3 26 19
7 20 98
22 46 16
33 32 71
2 11 39
45 14 31
13 53 76
3 23 5
30 45 64
30 19 82
6 27 85
7 44 27
6 9 70
17 48 77
16 35 10
5 29 1
54 14 61
20 27 56
4 23 40
53 38 85
32 8 15
4 28 68
3 7 34
2 43 50
19 49 3
55 20 76
54 18 85
47 7 45
54 30 26
36 41 13
13 3 26
29 51 75
37 40 55
49 23 10
25 4 56
38 47 18
21 34 61
22 27 36
36 14 11
50 53 23
41 7 60
51 24 78
26 50 49
15 34 60
11 4 61
48 18 33
9 31 95
32 35 29
21 35 99
43 9 36
32 16 31
44 18 26
23 47 86
28 3 82
1 42 83
22 1 7
12 6 90
40 33 2
25 23 69
47 1 64
15 37 97
34 55 13
35 32 11
7 28 23
53 46 94
17 1 65
35 46 58
45 19 99
13 9 35
52 16 69
34 36 92
51 14 51
6 53 4
1 12 95
40 2 99
38 40 67
22 35 5
20 2 66
36 19 29
46 7 45
41 34 33
19 49 88
45 36 5
5 22 64
10 47 84
46 26 38
36 53 47
31 21 58
8 25 82
49 47 22
31 26 55
4 40 63
34 24 93
48 9 76
33 27 2
39 13 5
2 47 46
42 34 88
3 21 53
1 9 33
13 23 19
20 44 39
29 24 59
10 50 30
29 10 48
32 43 68
31 51 41
3 29 26
3 31 43
45 4 17
24 16 89
43 24 38
48 49 68
7 24 23
37 18 7
40 23 41
43 13 13
53 35 44
33 30 36
50 17 25
34 54 8
21 6 94
24 43 83
21 53 89
18 37 98
41 48 86
13 51 25
7 41 26
1 23 71
51 50 82
12 54 25
35 3 9
21 48 19
24 42 31
9 53 10
13 50 74
27 24 35
21 15 11
28 8 79
9 53 10
32 10 79
53 4 74
22 54 62
49 52 79
26 33 22
10 50 13
22 15 45
39 17 64
7 52 10
51 19 17
22 33 94
7 26 56
45 28 39
7 32 72
9 38 75
36 11 23
4 3 68
4 50 65
46 23 39
20 45 90
55 34 54
45 34 11
49 55 16
39 33 51
40 42 34
6 39 44
52 32 71
30 4 48
44 42 85
36 41 62
20 37 47
5 1 10
29 55 37
32 21 21
35 52 22
53 50 92
17 34 1
46 45 12
15 8 32
20 18 68
41 49 68
53 26 85
28 16 98
16 35 97
27 2 42
52 40 58
34 36 26
33 32 82
23 50 24
36 21 87
30 43 40
43 24 31
14 7 38
53 35 64
33 21 53
32 51 14
23 31 86
34 25 87
9 46 94
34 54 95
14 12 52
25 19 45
23 6 44
43 35 63
18 9 97
45 20 9
51 13 48
20 53 81
13 49 59
36 48 61
18 1 15
16 13 7
36 21 71
42 25 32
27 13 60
30 15 22
19 33 89
33 9 86
53 13 60
2 47 16
1 14 61
25 34 97
51 32 65
29 41 8
34 54 27
47 6 58
44 8 7
16 1 2
10 47 10
23 33 70
47 31 20
16 46 56
20 35 3
40 47 78
40 27 37
33 29 85
7 45 41
2 18 3
45 13 56
31 36 22
1 43 59
23 17 93
14 42 81
50 27 29
28 52 81
47 28 88
45 43 13
27 21 15
35 47 97
35 2 60
22 52 4
2 10 99
42 28 47
31 20 82
29 31 33
1 15 41
9 7 63
49 4 62
51 27 98
8 23 78
31 30 86
48 24 26
43 32 10
12 9 98
12 37 10
4 51 12
39 18 88
55 32 95
41 4 11
39 38 92
49 11 53
40 29 88
24 38 16
27 55 26
19 47 60
35 49 94
45 2 12
17 50 31
9 22 69
44 23 5
17 40 11
51 55 30
52 5 20
12 55 100
47 17 84
41 19 66
41 31 26
33 16 6
38 1 8
10 7 77
8 32 90
14 45 71
18 4 64
29 8 9
24 27 91
51 40 80
27 11 48
35 33 91
25 39 96
51 6 91
22 33 98
4 49 39
44 47 33
7 30 93
6 22 8
22 14 43
18 52 64
52 34 31
15 27 78
39 21 72
52 21 20
37 4 81
47 48 100
16 25 16
30 53 46
46 13 5
20 52 85
32 7 55
53 20 65
40 44 82
9 51 23
43 26 5
23 49 59
22 9 68
25 31 6
9 51 76
33 43 40
11 25 89
13 26 11
29 42 37
33 11 72
10 19 9
8 26 38
48 9 45
43 12 45
23 8 93
17 5 29
49 2 83
26 38 82
7 5 80
54 26 91
8 33 40
34 10 30
36 50 78
24 20 4
14 36 90
15 8 4
39 42 32
26 4 69
21 51 49
55 51 45
27 7 44
38 25 10
12 14 71
42 11 82
38 21 75
30 22 67
14 4 33
34 25 92
5 47 54
1 24 52
28 24 40
33 2 9
52 7 77
38 1 13
43 9 92
10 27 29
6 25 94
27 36 13
16 1 47
52 12 71
40 20 27
39 2 50
27 52 53
18 3 10
2 14 89
26 20 75
52 8 52
2 13 18
30 34 59
37 42 41
52 17 98
26 9 43
24 38 9
16 6 73
3 27 89
18 46 9
20 32 31
38 8 69
1 40 47
7 37 58
12 39 29
42 10 100
6 46 62
52 21 68
27 24 9
6 3 87
24 18 2
45 15 26
23 18 100
41 40 74
55 9 95
17 49 21
40 55 92
45 8 55
47 16 93
51 29 2
47 22 66
18 22 53
43 3 6
3 52 79
21 45 15
48 41 8
14 39 77
12 11 26
36 44 56
5 55 91
9 16 100
45 34 73
50 53 31
49 51 26
21 50 71
19 13 31
26 22 22
10 9 82
9 40 86
31 30 86
33 29 79
33 35 94
36 33 86
6 23 6
44 43 65
53 14 71
39 28 2
35 4 16
11 48 80
52 22 44
40 48 1
7 53 61
40 6 44
7 10 37
7 44 53
7 9 24
36 17 74
35 1 75
50 3 75
41 37 64
5 19
1 5 1
5 2 86
2 1 22
5 4 18
4 3 46
1 3 98
3 1 88
5 3 50
4 5 45
4 5 64
3 4 47
3 4 50
1 2 16
5 4 79
1 5 89
5 3 54
4 3 23
5 3 12
3 5 27
