1
63 2309
60 6 57
44 59 15
12 2 81
61 63 51
49 36 56
27 22 54
23 33 14
18 14 29
45 20 73
41 7 85
10 7 26
11 50 10
60 50 92
2 23 74
2 51 22
51 50 67
58 48 35
51 20 83
34 21 79
36 28 92
11 1 40
28 61 42
52 16 24
52 23 68
27 17 36
6 55 4
37 26 72
60 28 35
14 2 77
2 12 62
11 62 84
20 22 50
36 7 67
30 55 76
30 50 33
40 58 77
37 41 94
56 13 44
56 41 94
11 54 30
7 63 46
37 56 39
42 39 64
53 25 97
46 27 31
60 7 94
54 14 66
16 8 19
55 11 59
41 18 20
17 25 73
49 33 96
35 5 87
45 11 13
57 31 6
61 41 10
34 39 71
27 55 7
15 14 15
55 38 62
13 55 43
46 51 43
51 21 59
28 8 54
9 39 7
20 43 58
19 28 20
63 2 9
61 47 5
33 9 5
38 55 68
3 14 70
2 54 68
28 10 90
15 25 39
19 27 99
44 9 20
11 63 100
43 36 77
20 5 35
23 32 5
54 47 9
18 53 91
40 39 98
37 36 36
28 4 74
50 20 47
1 24 93
8 34 16
19 45 59
36 33 28
59 45 6
6 47 52
57 41 44
10 19 91
40 16 37
41 7 17
57 29 7
55 59 11
56 60 88
35 43 34
17 59 91
10 37 42
35 43 70
57 1 72
31 48 21
45 55 40
36 44 34
40 36 20
1 6 70
28 38 44
37 52 19
18 26 45
35 13 16
9 52 46
33 12 59
33 52 94
5 11 32
49 10 96
28 23 99
20 16 99
6 28 66
48 44 73
58 43 57
3 20 5
56 34 52
24 15 55
27 28 70
49 51 32
60 5 64
61 43 29
33 10 23
19 26 52
59 39 44
26 32 16
29 22 98
6 3 48
16 53 64
58 4 62
18 27 40
46 26 46
58 4 10
15 28 42
12 16 40
26 2 20
23 27 69
42 62 66
57 24 95
44 51 77
30 17 16
56 9 93
54 24 82
35 12 13
23 28 52
33 7 30
46 7 9
61 25 81
27 32 88
15 47 90
30 38 94
4 49 28
28 43 14
11 24 45
44 63 90
14 57 31
2 53 80
40 28 85
15 28 25
51 61 72
41 23 74
59 15 55
47 32 18
18 27 15
24 16 88
16 60 2
12 16 33
46 19 46
15 23 50
12 47 97
4 5 18
37 10 80
19 49 94
27 49 13
62 29 15
18 48 32
31 3 25
48 46 2
3 29 19
59 20 58
46 55 97
40 53 83
34 62 78
44 21 98
23 11 49
63 20 3
16 11 100
52 2 46
55 29 82
27 33 34
45 1 53
44 18 73
36 48 93
10 37 31
31 3 40
47 35 69
55 51 92
28 50 30
20 6 49
53 45 23
10 36 93
54 1 76
17 45 99
62 35 34
46 30 38
5 40 42
44 52 22
25 22 15
40 39 37
11 61 57
23 51 80
47 1 17
11 43 64
3 63 46
62 44 82
12 6 27
58 30 49
28 9 9
33 63 77
34 20 87
21 37 87
53 3 70
25 23 33
11 34 4
30 21 76
55 37 21
18 17 84
53 7 73
4 43 81
22 52 46
52 4 22
58 47 45
37 9 100
42 52 4
27 34 14
2 9 1
38 23 44
2 49 13
1 34 94
33 17 41
42 15 13
19 60 35
2 35 81
25 38 66
50 33 81
39 33 11
55 24 87
14 44 44
23 27 68
12 16 69
12 32 4
29 35 56
5 31 58
58 2 1
42 11 25
13 20 98
36 24 62
45 42 49
4 39 70
48 39 15
61 21 25
4 11 96
8 22 79
2 14 49
17 54 22
8 54 75
17 37 58
28 3 39
18 20 71
13 6 82
57 59 88
18 34 55
6 21 40
31 61 50
63 53 10
60 43 6
45 37 51
26 2 96
27 40 26
25 35 43
45 22 88
20 63 45
10 39 42
57 61 47
8 39 98
11 1 68
61 16 53
56 12 7
29 14 38
32 63 40
12 32 8
21 42 11
50 43 10
11 49 99
2 18 95
33 31 58
55 58 97
26 20 46
12 31 4
27 30 97
59 38 85
39 62 55
13 28 31
42 5 9
3 46 26
58 27 67
7 24 72
1 50 2
54 36 87
60 36 42
34 53 61
37 46 67
40 55 43
30 29 71
22 63 59
49 47 84
20 40 63
52 50 47
32 48 52
35 29 81
19 38 16
16 5 26
54 41 96
22 17 4
47 9 93
63 10 63
51 48 38
62 33 79
6 52 10
6 4 4
21 59 24
57 60 87
31 44 40
22 34 85
22 42 68
52 32 30
20 7 4
2 48 65
49 6 43
45 49 46
23 10 73
12 8 25
22 25 36
29 39 15
44 49 68
50 8 8
41 34 36
41 24 50
19 25 91
45 26 83
48 24 58
23 2 55
13 36 17
39 14 43
13 21 52
40 50 56
17 57 4
9 45 63
10 50 48
25 6 78
32 59 41
17 38 63
46 33 52
59 22 63
18 45 51
10 47 30
18 19 19
54 31 2
60 56 83
29 14 14
63 8 90
60 32 4
14 23 34
37 40 58
3 55 22
58 60 23
27 2 32
20 50 23
52 37 83
21 27 91
33 15 67
23 31 7
12 45 64
6 48 98
35 11 23
42 47 63
44 43 12
60 47 65
56 49 33
62 25 3
51 31 13
30 41 53
48 4 87
31 49 95
37 62 55
31 55 3
29 25 91
28 24 63
45 54 71
49 43 24
1 13 42
44 20 7
45 10 13
10 36 58
52 43 54
43 7 41
37 60 71
53 62 91
55 22 5
35 45 71
21 55 64
60 57 55
11 44 93
26 46 16
58 23 44
7 63 48
52 47 47
42 22 23
22 63 9
33 20 79
49 11 88
53 32 97
5 50 60
43 22 2
63 49 52
30 26 27
10 49 43
18 26 95
6 8 33
62 6 66
36 62 56
61 25 9
43 10 96
36 32 52
63 26 8
2 17 84
27 48 28
4 15 84
1 12 87
44 50 46
57 45 84
23 2 56
20 9 55
58 52 75
21 39 54
39 52 88
50 49 47
33 38 73
16 25 41
22 19 26
16 47 40
20 50 86
51 29 97
6 35 3
41 10 67
5 28 28
58 28 70
1 33 4
63 19 42
17 60 37
35 23 66
24 19 21
39 21 68
46 53 83
3 51 39
51 52 76
45 47 74
42 14 71
48 54 73
54 57 77
16 55 60
15 21 46
43 61 45
12 4 82
27 56 92
19 59 7
41 20 30
21 32 66
14 54 89
33 19 21
3 41 67
25 11 31
7 48 7
26 53 23
32 50 49
10 26 2
58 51 7
27 10 34
55 3 6
57 16 8
30 29 90
47 25 31
17 18 58
14 40 25
22 23 11
9 37 87
31 25 73
10 3 17
44 17 97
53 45 77
61 63 17
46 34 78
38 24 87
12 44 21
31 34 66
8 26 22
10 42 29
9 48 87
25 55 4
24 10 89
36 50 90
28 7 62
26 51 54
51 10 34
39 25 35
22 44 79
9 7 73
3 52 95
47 42 61
7 47 9
46 32 15
16 50 20
43 14 34
19 17 78
59 27 29
56 53 48
37 54 8
58 32 26
33 18 90
56 11 50
13 2 79
21 16 83
42 20 89
28 3 2
46 26 65
19 22 97
45 37 36
7 25 9
15 50 3
56 26 3
28 57 14
5 13 65
1 2 82
43 6 70
2 12 47
26 40 81
60 25 38
49 12 89
42 55 63
57 19 55
40 21 49
47 62 9
15 56 93
18 33 39
38 49 23
47 17 57
63 5 72
41 62 76
39 7 17
39 54 29
19 13 65
5 18 52
43 2 20
6 12 47
55 32 74
45 11 89
58 42 100
58 53 70
8 6 15
38 35 22
8 47 69
48 16 3
11 45 12
58 20 26
54 1 65
28 26 61
3 46 15
5 47 20
22 50 66
25 48 24
27 54 34
50 35 83
47 18 58
33 48 45
46 13 59
10 58 52
60 42 48
45 30 8
13 60 11
16 17 16
39 5 45
30 12 10
20 45 16
4 47 15
2 5 70
26 32 24
17 25 61
46 35 77
43 38 100
33 39 41
7 24 58
61 30 93
52 17 94
4 50 47
15 27 98
62 2 82
5 9 81
20 23 1
35 28 66
45 12 27
27 4 64
52 29 57
58 60 58
61 55 24
9 2 47
16 47 43
46 51 83
26 48 61
23 4 60
12 53 64
1 38 79
21 38 3
54 20 81
42 43 11
57 48 68
13 28 44
16 50 100
15 36 96
44 9 86
23 50 13
12 48 48
19 26 47
55 32 34
47 24 51
5 60 83
50 45 82
34 51 23
43 51 27
31 1 45
35 54 57
63 43 35
7 51 65
57 52 77
10 41 69
12 42 6
59 16 63
34 62 78
62 19 53
44 42 83
3 51 15
2 27 50
18 5 31
30 13 83
62 49 27
7 55 51
48 39 64
7 31 67
61 41 73
56 8 21
15 54 51
51 41 92
47 40 48
35 4 75
1 11 94
55 1 49
63 35 78
16 51 39
12 43 98
59 46 45
50 29 38
62 14 94
30 32 74
1 15 47
37 32 26
63 55 48
21 59 75
4 17 63
35 16 21
36 50 61
51 27 7
18 32 27
27 25 20
18 44 92
43 39 41
52 63 10
57 5 6
36 38 98
6 24 36
19 63 40
4 38 55
59 49 13
53 52 54
53 47 75
46 39 94
10 39 5
25 20 96
42 21 25
23 4 88
58 4 22
60 25 6
60 30 30
27 33 43
49 35 81
36 49 91
43 9 80
16 27 1
60 10 5
23 40 27
19 63 14
30 33 98
3 16 66
26 52 7
59 55 78
4 19 54
36 60 60
31 18 80
60 54 57
56 63 21
58 35 65
43 18 42
60 3 8
33 7 79
52 29 22
62 54 46
42 12 5
1 14 69
44 33 42
58 20 85
59 4 45
31 52 75
56 33 78
21 18 53
57 1 48
6 29 46
47 45 24
6 38 1
11 12 92
32 5 91
30 19 49
13 5 28
23 55 70
62 23 16
24 27 29
17 34 29
33 50 44
51 15 99
45 13 10
30 2 19
30 22 66
1 39 49
25 8 3
39 23 50
46 12 37
57 50 41
5 47 6
30 33 6
45 36 53
5 22 30
48 17 62
9 1 51
7 5 86
46 13 45
60 27 51
62 31 77
7 32 84
47 1 6
8 19 65
6 14 48
4 33 50
14 32 9
49 47 62
18 33 39
20 27 52
5 26 72
10 25 70
62 19 12
54 34 33
20 33 4
60 25 62
18 25 88
54 14 36
35 24 72
47 19 86
8 55 54
5 2 41
28 45 48
25 39 30
34 11 5
31 52 59
1 40 30
44 46 79
35 42 98
18 52 76
38 23 46
28 60 96
57 46 52
29 25 21
3 25 61
47 14 71
33 44 98
30 35 51
2 55 3
60 53 54
17 13 35
38 19 85
2 17 16
54 27 90
15 53 9
61 10 35
3 24 31
55 11 47
36 51 49
55 39 7
28 4 48
19 14 25
58 36 21
33 22 2
53 25 97
16 1 2
51 61 61
25 11 9
23 18 99
44 7 7
59 62 18
20 24 32
29 49 38
35 27 83
9 40 62
61 57 39
10 39 95
12 26 14
34 7 8
7 40 27
27 20 75
36 52 4
8 7 11
51 13 83
53 43 97
23 3 81
40 8 79
55 10 100
3 46 80
24 58 90
21 63 9
1 27 31
57 56 81
1 57 53
20 35 72
49 63 38
53 38 57
9 63 3
55 63 20
37 19 43
16 18 42
28 29 100
39 11 76
9 50 81
49 54 21
25 37 25
7 22 10
32 53 35
23 51 88
53 10 14
36 45 16
56 59 85
49 19 21
19 44 48
30 56 46
45 15 63
5 44 50
37 39 67
20 2 14
58 28 4
30 44 71
50 23 67
20 43 100
33 49 60
7 19 61
44 35 84
32 1 86
12 10 34
4 48 69
28 16 55
56 61 61
20 52 95
59 33 20
6 27 55
39 54 93
39 26 46
26 28 84
2 18 45
6 49 74
25 47 67
8 20 36
58 63 86
5 17 36
54 19 29
52 54 4
28 21 94
51 38 68
45 4 29
58 20 8
5 14 13
23 31 88
49 41 36
46 31 9
42 8 64
46 28 59
59 57 33
22 7 91
2 18 75
10 58 57
43 48 67
57 61 39
44 36 68
28 33 91
51 9 85
9 31 40
18 35 42
56 18 8
15 19 41
58 22 75
8 26 41
9 56 70
63 31 43
59 60 54
10 42 99
57 25 31
48 19 52
49 4 58
62 55 27
37 19 70
42 51 31
15 21 60
52 15 61
22 19 6
7 12 52
58 62 49
39 26 79
16 4 12
5 15 15
41 44 48
15 25 99
22 33 32
18 51 60
58 7 16
15 39 5
45 36 32
12 43 59
6 59 44
36 60 2
27 52 25
29 40 46
55 39 96
59 13 69
36 21 41
58 43 100
53 49 63
62 49 23
63 9 48
33 30 74
25 14 75
4 2 57
61 27 13
50 20 69
26 14 41
6 63 92
1 40 3
10 52 37
53 36 63
48 58 92
26 30 9
27 44 80
7 10 25
8 2 57
29 59 65
17 62 87
7 32 53
2 40 87
36 14 59
37 31 33
37 17 33
6 48 68
23 18 9
21 33 61
46 13 3
52 4 46
63 38 86
57 47 37
47 49 59
5 33 24
29 37 97
38 60 60
12 18 49
60 7 88
63 36 55
47 51 29
38 33 79
24 55 3
11 30 13
23 41 98
27 24 47
1 53 28
5 52 62
53 34 13
38 59 26
34 7 5
48 17 16
35 5 79
53 36 57
36 7 94
34 50 96
49 41 95
19 28 99
25 1 63
55 50 55
62 11 96
20 62 22
59 34 69
12 48 15
23 52 5
38 14 70
14 38 13
7 17 55
41 30 99
61 56 3
53 32 33
22 17 55
1 46 97
25 6 67
53 56 54
30 41 50
11 29 36
56 4 92
57 49 36
38 39 9
47 1 59
40 48 30
29 47 8
51 38 63
58 63 57
35 30 64
11 36 59
32 30 58
10 9 31
58 52 51
22 21 80
16 24 29
42 33 24
55 63 55
5 59 85
22 23 34
55 35 85
53 16 21
6 5 73
35 48 2
48 11 14
60 25 5
23 22 44
28 43 87
55 29 67
29 39 69
41 2 70
9 56 6
23 52 40
34 19 53
24 48 81
60 2 38
62 52 24
2 28 97
32 53 43
28 41 24
7 43 23
33 31 29
18 47 88
33 46 29
22 47 55
17 43 92
63 58 99
48 4 27
43 1 73
43 45 40
50 31 2
20 26 91
25 33 23
19 48 22
37 56 85
13 19 7
9 55 10
62 18 4
40 52 28
46 2 9
47 38 98
51 9 62
60 25 88
54 20 88
61 14 90
53 37 94
57 56 69
13 3 16
43 58 42
11 18 37
58 45 73
51 6 23
27 14 76
16 12 17
32 42 78
63 10 80
20 62 33
33 10 100
2 17 62
48 19 68
47 8 25
42 49 43
40 11 82
32 61 83
41 45 57
16 43 72
1 57 12
39 23 83
38 7 91
61 1 88
3 20 8
54 12 62
2 27 28
56 48 25
2 6 56
1 30 43
49 6 26
32 19 35
24 35 42
12 56 29
43 54 18
8 24 33
35 12 12
46 9 88
55 46 17
48 26 41
48 3 15
7 53 58
62 13 61
42 10 18
5 41 11
47 51 78
13 11 32
19 54 69
46 49 30
31 42 57
43 13 82
47 22 72
25 43 28
17 16 93
9 44 74
12 51 84
31 43 29
27 14 28
32 31 72
32 61 42
11 12 78
11 36 73
23 47 77
40 43 24
27 17 76
6 10 45
60 32 67
31 42 23
63 55 52
26 47 15
40 22 44
53 54 36
1 56 79
28 19 9
32 7 65
3 33 46
61 2 39
40 53 29
5 31 45
49 8 67
21 60 41
43 13 51
62 35 78
7 24 57
17 19 29
30 24 87
55 8 36
5 31 89
2 13 72
27 62 85
1 21 80
12 13 61
38 42 8
25 2 84
37 10 98
45 46 87
61 4 93
46 52 49
23 25 14
44 45 38
39 42 79
51 35 37
42 53 24
15 29 62
49 9 47
54 20 8
53 44 75
26 51 34
52 27 74
13 31 79
55 19 44
8 53 52
47 14 87
23 14 83
59 60 30
2 4 100
25 60 76
32 35 19
44 20 100
57 26 60
34 22 15
54 3 52
19 36 66
7 13 48
53 34 90
30 60 51
1 60 40
47 34 29
48 8 65
41 24 40
24 12 70
43 39 47
51 22 19
44 26 81
18 54 7
63 14 100
52 3 27
31 45 36
34 43 27
17 25 6
27 21 92
57 23 21
31 21 63
9 27 73
46 62 64
1 47 14
49 57 7
51 30 89
32 2 68
49 46 77
61 14 40
3 6 29
28 20 83
16 56 76
4 46 2
38 50 92
52 8 91
14 9 6
16 17 15
57 34 78
14 45 16
28 12 57
14 23 85
22 36 87
37 60 81
14 11 58
45 18 57
5 6 76
43 41 60
27 55 37
27 36 1
22 3 87
51 57 18
17 48 54
42 45 28
33 60 33
51 56 62
5 13 32
59 45 83
58 56 13
41 14 22
23 8 28
1 21 14
23 28 46
51 39 63
47 32 96
48 30 6
42 59 77
62 45 42
63 48 96
10 58 80
61 63 90
50 11 67
48 55 90
25 2 30
6 39 90
63 4 24
22 14 39
8 53 35
46 49 61
58 55 46
32 56 48
30 36 76
62 51 92
22 15 11
3 54 81
37 41 96
34 16 52
13 34 59
40 22 12
30 16 12
3 20 48
11 31 13
57 48 71
13 38 53
2 37 71
43 11 14
57 58 78
19 3 68
62 2 61
13 62 87
12 21 77
63 45 27
40 60 69
12 51 45
8 27 87
49 58 61
38 57 18
47 25 19
4 42 47
47 22 48
7 46 91
22 60 10
28 61 86
16 49 93
2 18 83
41 15 42
26 12 99
30 8 9
24 18 19
50 8 2
55 47 17
40 58 66
50 23 87
6 58 98
17 62 12
2 61 11
37 43 71
39 6 92
46 56 83
22 3 61
10 38 32
55 22 41
5 52 12
27 10 27
63 3 20
23 43 57
13 49 9
2 35 65
43 3 87
13 19 9
21 5 3
24 37 16
60 13 14
32 45 29
8 56 28
33 46 1
42 28 40
44 57 76
5 6 87
20 3 64
44 48 58
58 47 100
16 27 19
49 28 60
60 52 63
31 8 37
8 2 52
11 41 8
43 49 88
62 60 97
40 39 58
15 24 64
3 4 85
32 21 64
57 60 34
36 37 29
57 47 40
41 2 13
43 37 94
38 46 12
29 48 74
41 12 88
7 50 19
36 14 34
2 56 80
22 12 46
53 54 93
28 33 8
13 43 30
63 34 14
2 30 8
19 60 36
43 62 32
27 8 13
7 51 82
37 49 44
27 14 28
33 19 48
17 62 50
21 8 6
18 35 58
13 6 68
10 44 91
7 58 99
41 12 2
6 33 23
34 26 27
61 50 88
48 13 87
46 50 14
11 4 27
60 45 34
30 8 73
11 57 70
46 8 12
31 25 66
16 15 43
2 58 10
41 16 84
2 60 82
19 12 52
15 33 7
55 56 79
19 11 92
60 43 64
45 19 5
20 23 94
13 32 86
30 38 1
50 35 46
18 40 78
3 43 61
46 19 66
24 8 81
28 38 4
20 50 18
57 23 15
31 63 97
15 43 60
23 17 50
60 57 1
30 61 93
36 10 89
49 60 38
43 15 14
11 9 79
32 27 84
1 35 95
54 20 76
31 15 48
21 9 71
37 15 42
15 45 9
49 26 90
9 4 95
33 23 14
3 61 3
49 47 38
17 21 75
33 23 13
45 33 47
20 51 47
62 36 92
25 20 77
30 8 76
51 10 35
2 45 34
35 49 92
60 53 81
42 28 3
52 23 1
13 3 59
36 39 51
45 61 57
10 56 64
58 15 90
54 41 60
49 11 50
14 62 69
40 1 60
24 27 43
42 41 57
27 35 70
1 60 17
10 22 30
54 22 2
7 15 54
33 56 87
31 58 100
41 45 34
37 42 35
37 51 13
54 51 83
29 6 11
47 8 83
8 7 37
6 9 58
12 49 96
48 26 96
43 5 46
46 38 86
26 20 15
50 33 33
18 4 66
40 41 67
54 33 53
47 29 86
1 34 25
17 30 48
33 49 77
60 31 15
59 21 25
3 61 47
49 27 3
40 17 65
30 48 91
58 25 42
17 22 60
39 3 17
8 29 99
38 1 5
50 44 63
47 52 57
20 41 32
49 30 69
44 62 58
15 29 95
58 40 90
24 54 45
42 43 70
25 46 43
60 27 20
38 53 31
1 26 60
35 42 28
32 42 92
4 32 9
25 50 33
52 26 19
41 27 21
30 2 62
60 16 71
59 58 99
60 57 91
19 29 15
45 47 32
62 33 9
59 12 94
15 10 54
16 62 38
61 55 62
23 60 65
20 43 24
12 30 32
28 21 58
1 54 56
53 16 73
47 60 65
29 30 92
10 28 16
35 57 32
33 62 71
15 55 98
32 34 37
57 1 60
36 39 25
60 38 75
50 16 84
33 61 35
17 19 24
32 17 65
61 28 79
12 57 94
3 35 71
61 32 40
2 49 18
58 56 8
11 41 58
37 18 61
12 38 7
15 12 46
19 50 1
39 34 60
37 25 37
38 58 26
37 61 89
50 6 56
23 52 89
29 40 15
57 5 98
36 49 95
2 35 26
52 27 41
28 5 53
17 7 85
5 36 69
35 61 29
60 25 56
55 1 16
57 40 63
30 4 28
37 38 32
39 3 62
51 34 10
39 42 15
58 32 7
39 51 87
30 43 69
49 11 10
39 53 43
4 17 13
53 33 61
37 27 82
14 25 6
60 8 28
13 11 96
44 58 43
27 40 90
13 5 45
12 61 56
9 30 50
11 26 14
10 54 7
20 12 64
60 20 90
2 30 46
40 4 32
36 44 37
36 27 74
42 55 52
46 19 86
18 45 40
62 60 31
46 26 64
4 6 21
61 45 10
9 37 74
1 46 30
11 32 66
7 16 73
19 43 5
10 43 50
13 25 61
5 10 65
35 59 1
60 17 63
10 2 8
5 49 94
16 59 67
11 50 63
8 48 49
25 14 24
62 60 55
12 35 30
53 38 16
35 42 11
22 25 12
61 48 77
59 43 38
47 41 15
60 58 21
5 21 42
51 55 95
48 47 64
27 3 61
3 26 23
53 35 29
32 58 29
60 27 83
20 14 24
46 31 25
46 23 89
6 37 31
25 20 66
26 6 88
39 34 87
2 34 58
27 47 7
41 4 37
27 40 18
51 58 88
20 51 34
44 32 19
21 56 8
40 19 69
60 41 77
5 12 4
30 9 20
3 18 65
48 40 10
34 44 84
30 62 69
52 59 34
44 63 35
17 39 37
17 25 60
58 52 28
63 61 35
55 35 44
37 11 66
38 29 41
20 38 86
1 13 39
56 3 68
23 55 61
17 44 56
8 23 90
40 19 40
47 33 81
52 2 59
55 9 45
16 48 5
4 44 99
49 41 97
50 20 44
14 33 80
33 1 72
50 59 69
1 6 43
20 40 63
58 9 53
27 50 100
56 1 20
46 50 72
18 19 42
38 31 74
1 16 60
36 16 31
31 24 38
31 57 50
46 7 13
11 46 83
56 24 63
44 40 94
24 32 12
43 60 38
1 20 58
52 48 98
60 25 20
42 35 54
51 36 29
50 37 88
42 21 76
34 14 35
27 35 42
56 46 31
62 45 92
18 22 42
39 22 94
13 35 31
5 26 84
29 12 91
19 30 6
15 3 7
24 51 29
59 39 33
3 30 77
62 60 52
4 44 72
22 4 32
35 37 58
24 18 8
25 62 61
13 4 91
20 10 99
22 42 8
62 33 54
37 5 71
33 40 84
62 28 47
60 44 79
48 23 43
61 55 48
63 5 81
38 4 12
19 18 19
46 35 39
43 2 77
63 8 64
21 57 75
36 12 20
17 61 67
37 14 73
10 46 82
14 24 51
37 48 90
39 35 14
43 9 49
34 15 36
31 22 24
17 50 69
33 47 35
51 23 7
13 46 17
6 59 17
10 58 38
33 55 18
17 54 95
2 47 77
62 38 39
62 28 68
14 50 93
61 45 34
34 13 53
13 63 12
21 1 92
13 26 2
54 25 58
57 3 2
39 44 39
61 35 2
16 19 67
43 47 72
50 34 38
39 23 30
49 6 29
4 62 16
9 35 80
5 26 38
31 40 84
29 8 39
22 55 72
28 18 47
45 48 39
10 24 17
10 36 26
19 4 38
8 37 33
19 11 52
56 50 55
62 9 89
40 53 23
33 31 75
36 3 10
5 41 5
7 52 29
33 25 21
16 8 92
48 43 7
31 50 58
10 40 37
8 39 25
46 58 30
55 59 51
60 49 23
8 43 36
61 38 51
63 54 95
13 37 11
34 29 94
40 41 22
62 33 65
48 49 72
26 33 2
14 44 56
42 8 73
44 9 12
24 42 60
24 32 86
35 19 28
63 1 74
38 10 26
58 37 54
5 49 9
27 18 33
34 57 18
11 42 64
57 58 68
19 49 88
40 13 70
22 7 47
41 27 75
52 33 53
55 39 25
50 2 43
43 55 83
57 59 2
11 58 42
50 23 14
17 59 77
53 32 69
33 27 30
32 14 26
3 40 76
45 30 19
23 43 94
47 53 9
41 23 16
50 41 15
12 44 71
45 25 24
36 35 75
6 16 68
4 29 29
39 20 28
42 13 4
8 42 69
49 23 61
27 38 27
40 36 37
19 12 4
37 58 61
55 18 94
3 2 50
7 29 26
55 49 21
59 55 47
4 55 51
12 54 48
21 9 80
1 32 17
25 21 89
29 62 81
44 39 13
59 28 18
7 10 69
27 50 47
47 39 35
15 58 9
13 11 100
59 8 87
8 57 2
16 25 96
61 50 3
33 19 98
26 57 60
54 26 91
19 27 27
27 54 41
34 3 45
10 22 88
61 6 32
37 1 23
12 47 89
53 27 98
8 25 71
7 31 92
22 50 79
34 29 8
44 6 79
33 44 84
24 54 45
10 59 16
18 9 67
42 39 24
21 39 38
51 10 94
18 29 70
25 44 83
14 7 68
27 61 46
12 9 91
59 9 33
57 34 99
20 3 83
59 42 89
6 63 50
56 39 41
31 55 43
33 47 17
35 50 75
30 62 19
21 48 11
13 57 47
17 19 79
51 5 48
59 51 18
59 26 49
25 40 94
8 4 57
31 44 8
33 25 28
10 15 23
31 28 88
39 22 9
55 22 1
20 27 18
51 35 1
30 35 43
25 17 97
33 1 54
19 30 88
28 51 66
51 7 79
10 22 80
63 21 78
37 13 65
5 37 22
38 9 77
21 30 67
39 59 18
46 43 53
20 14 36
42 52 78
19 44 52
62 11 43
44 33 4
15 14 57
28 56 20
6 31 47
24 43 49
38 44 7
25 15 98
45 1 84
12 58 45
15 30 4
51 55 17
21 3 52
1 62 26
52 27 64
53 51 1
26 20 18
50 31 25
32 2 71
36 4 20
10 50 64
37 63 24
57 51 19
4 35 79
27 3 43
1 37 12
32 54 7
26 41 30
16 34 2
53 6 21
22 39 87
23 52 81
31 63 64
38 60 91
32 39 71
4 16 37
27 45 93
33 26 5
45 43 17
49 53 95
63 39 3
63 43 79
29 6 58
54 15 99
13 24 21
54 3 1
11 30 73
24 48 84
15 54 29
4 52 29
9 19 82
51 9 6
18 25 69
43 48 66
49 4 76
63 21 52
3 1 30
23 27 67
38 35 61
29 7 16
45 9 92
21 18 92
62 5 73
48 60 40
9 18 78
30 2 24
27 34 62
37 51 38
33 2 23
38 55 34
36 47 42
39 10 46
4 16 76
36 27 57
51 28 34
36 12 98
34 17 92
62 34 71
32 56 82
34 54 83
52 57 92
5 51 84
42 38 26
47 57 15
41 60 66
18 30 89
61 29 80
58 1 64
14 38 28
63 61 94
62 52 65
27 60 91
37 13 65
52 59 3
47 29 56
7 23 34
25 13 81
9 15 91
9 48 68
4 39 38
4 7 53
49 8 55
8 57 79
26 50 100
51 18 94
44 23 94
12 49 87
11 47 24
1 43 1
33 13 14
61 11 29
29 28 66
23 38 56
53 44 50
51 38 74
61 55 7
2 20 60
43 47 41
4 29 94
8 36 37
51 14 32
55 12 38
15 43 55
44 1 50
24 4 72
58 38 30
21 26 19
62 21 68
63 51 59
30 2 4
38 23 71
40 46 29
3 47 89
58 56 79
61 27 67
2 27 1
62 44 27
57 8 74
58 51 14
33 20 66
54 35 61
45 32 7
38 13 34
58 34 35
19 58 71
51 21 24
2 30 34
11 61 100
3 5 92
27 58 2
48 60 38
12 51 13
2 53 65
51 4 27
48 25 47
52 3 38
16 49 93
31 28 80
30 50 56
26 59 14
58 40 19
51 45 42
43 4 60
53 40 11
26 17 66
47 49 61
7 24 65
51 24 29
37 50 1
60 40 82
62 63 41
38 15 46
7 46 46
18 56 75
54 50 16
21 44 53
62 24 48
45 57 33
32 61 41
51 46 57
23 59 6
56 6 78
7 31 16
45 60 40
59 54 19
42 30 45
55 4 47
18 13 40
36 52 35
61 20 73
19 24 8
23 37 2
2 14 31
15 11 44
35 43 96
42 53 17
51 38 25
41 52 88
44 4 77
40 10 9
33 36 45
59 41 14
17 13 93
58 22 91
31 13 7
37 11 56
9 39 81
9 11 52
9 45 41
50 45 73
35 59 47
48 52 19
34 40 3
52 45 10
59 42 52
25 24 6
56 41 10
37 48 31
15 40 45
13 7 20
35 45 85
54 55 70
6 60 88
18 53 75
49 22 91
51 23 36
17 8 46
60 28 76
37 28 82
10 44 80
7 22 11
33 55 52
12 35 2
14 50 96
14 7 54
46 5 35
63 30 65
11 45 67
30 11 14
1 60 88
59 61 25
25 38 71
2 15 96
13 53 32
10 7 15
39 61 61
22 16 46
25 41 15
51 27 83
14 42 93
55 4 87
33 43 46
46 1 32
59 54 43
7 15 20
52 35 100
53 12 78
25 40 46
11 30 3
12 48 22
51 63 57
8 37 39
4 9 91
36 27 93
53 21 76
27 34 82
32 13 3
15 60 85
26 62 78
58 36 7
42 36 79
43 35 41
27 12 24
19 36 24
40 16 63
21 37 85
7 43 80
34 48 69
39 20 77
16 26 36
41 14 61
61 54 72
7 46 18
4 20 30
41 12 67
23 3 19
5 34 76
53 54 39
63 59 64
44 51 71
42 25 87
43 17 96
5 26 71
38 26 42
32 26 52
37 21 62
