9
79 31
22 19 11 4 26 2 10 31 29 24 5 23 1 13 18 17 30 20 0
47 23 12 30 6 11 5 17 27 10 16 13 21 7 3 0
46 13 28 8 7 24 19 26 21 14 23 0
37 5 15 1 22 19 9 29 18 8 17 10 2 0
73 27 18 11 26 0
78 8 21 9 0
49 4 10 27 31 21 8 17 6 25 9 19 1 5 15 7 2 18 16 13 28 12 26 14 29 30 24 22 23 3 11 0
56 17 28 2 29 5 0
2 20 2 26 31 8 10 19 3 7 18 13 15 25 9 6 23 17 4 24 5 27 0
77 21 30 7 11 17 12 22 0
93 28 30 6 24 0
48 15 25 7 24 4 16 8 5 19 21 29 3 30 1 10 17 28 14 2 6 12 26 20 11 13 22 9 18 27 23 31 0
83 31 13 27 22 12 5 25 15 10 20 30 2 4 17 21 8 18 9 3 0
92 25 26 9 29 2 7 12 30 13 0
86 17 3 11 12 14 30 15 18 26 24 5 10 21 19 27 28 31 9 8 22 1 4 0
33 16 7 23 5 26 18 25 17 29 4 3 24 6 27 30 14 15 22 2 12 20 28 8 13 19 11 1 10 21 9 31 0
32 26 19 4 31 2 27 16 29 6 18 3 22 10 14 24 11 1 21 17 9 23 12 28 30 8 5 20 13 15 7 0
15 31 26 28 29 0
27 5 11 23 18 22 7 13 9 20 12 1 24 27 31 8 14 21 3 2 0
85 31 22 21 30 27 20 10 9 7 18 23 17 16 13 6 5 28 2 25 26 14 0
25 18 20 25 6 19 26 2 0
90 15 3 19 10 20 27 16 11 28 6 9 29 12 14 30 0
53 24 14 8 11 9 22 0
54 18 5 6 31 14 7 19 15 13 12 9 25 20 28 2 0
70 1 28 11 16 4 2 21 14 20 9 17 24 6 12 13 0
22 6 18 9 26 15 2 16 8 3 14 22 31 1 20 4 5 27 30 23 21 17 7 10 29 28 13 0
10 8 31 24 9 5 0
58 9 16 0
45 23 7 18 31 29 17 4 30 19 16 0
81 15 29 27 1 7 6 30 2 24 17 14 28 21 10 5 26 25 22 12 9 0
2 10 31 15 21 5 25 17 18 9 29 4 28 12 11 14 3 26 7 23 30 20 19 1 6 13 22 8 27 2 0
96 25 7 5 21 27 18 24 16 28 11 2 4 15 29 12 31 6 8 26 14 19 30 9 23 3 17 10 0
37 7 13 21 15 3 16 1 19 31 5 2 23 27 29 6 4 9 28 26 24 17 25 12 11 22 14 10 8 30 0
92 12 9 10 6 26 8 17 20 16 2 15 18 7 28 29 3 1 19 23 13 5 11 24 30 31 21 14 4 27 22 0
74 9 12 23 1 18 2 8 20 28 0
48 24 2 18 3 0
19 3 27 28 18 11 0
40 10 13 31 28 18 7 25 9 5 26 12 17 20 8 15 19 27 4 23 30 1 6 16 22 3 24 29 0
84 10 12 28 21 3 19 2 30 25 22 16 1 4 11 26 5 29 27 8 15 13 31 23 0
62 6 20 8 19 27 7 28 22 15 17 31 2 14 26 16 18 1 25 9 24 0
24 25 7 10 2 21 8 28 3 9 6 11 1 0
86 24 26 21 8 9 12 7 10 6 25 30 28 29 5 31 0
9 21 20 8 25 18 23 19 5 26 9 27 6 13 10 29 4 14 12 30 1 15 11 7 24 2 31 28 0
59 27 11 30 8 31 13 9 25 2 15 10 17 29 21 0
9 20 17 28 6 3 16 2 26 12 23 9 18 11 4 1 19 21 13 27 25 8 30 7 24 29 10 14 5 31 22 15 0
7 14 10 1 12 6 30 31 21 2 29 26 0
31 13 30 29 22 15 3 4 2 20 11 14 6 9 12 18 1 21 26 25 0
3 27 14 21 11 18 1 20 23 7 2 25 26 16 13 31 0
43 12 4 2 9 21 26 19 8 22 7 14 24 28 10 15 13 31 30 20 0
51 18 11 22 7 0
74 15 11 26 21 24 20 27 14 31 9 23 5 28 10 2 18 6 8 17 7 16 25 4 0
67 14 23 0
47 6 7 23 2 19 0
44 25 8 13 17 18 31 21 19 29 30 26 11 28 20 2 4 22 15 23 6 14 1 16 5 27 24 12 10 0
59 13 25 16 11 14 21 22 10 31 4 2 3 6 5 27 29 9 30 26 15 7 19 1 17 23 20 0
25 25 6 24 23 16 13 27 28 20 8 22 2 4 1 26 5 11 29 0
78 3 6 22 26 19 0
80 13 26 31 0
63 14 25 12 1 20 0
56 8 20 3 14 28 16 29 26 0
26 11 2 3 24 23 16 9 6 17 15 10 8 18 20 0
75 14 29 11 3 24 6 16 30 0
75 14 21 26 13 16 11 0
6 26 28 18 10 12 2 17 0
18 20 15 23 9 10 0
100 9 30 28 15 8 21 13 14 25 5 2 31 12 17 29 6 10 16 18 22 24 0
86 9 2 24 1 10 21 3 25 7 27 12 0
32 18 6 22 25 27 4 21 28 14 10 3 12 15 1 20 11 8 23 24 30 13 16 2 31 7 9 19 0
47 30 8 2 27 7 19 4 14 10 24 12 23 21 16 18 25 3 11 15 17 29 22 28 31 26 13 1 0
56 2 29 19 12 16 5 20 24 31 10 1 18 7 15 27 26 4 13 30 6 14 8 9 0
94 19 1 30 14 4 0
34 2 6 17 18 28 14 7 0
60 19 11 14 29 16 2 28 30 26 7 25 0
6 30 3 15 9 28 23 4 18 11 21 5 12 24 20 1 13 29 8 22 2 26 17 16 10 27 31 0
86 24 31 17 22 14 12 5 15 13 7 1 3 19 0
74 6 0
90 28 24 26 13 10 18 22 21 5 16 12 25 15 6 4 23 3 9 31 17 2 29 19 20 7 14 27 11 1 8 30 0
13 6 24 22 26 23 14 7 4 30 8 2 19 5 13 25 3 21 0
4 13 1 0
73 74 51 88 71 89 33 59 4 11 95 33 92 45 94 16 68 79 77 68 47 23 96 96 35 42 65 52 96 52 38 
68 21
89 2 14 10 1 21 0
8 18 15 1 14 4 13 20 3 0
14 6 4 13 10 21 20 14 11 16 0
93 7 9 6 12 17 19 1 18 11 4 5 10 14 20 21 2 3 15 8 13 16 0
87 3 6 17 7 19 13 9 20 4 12 15 0
14 1 2 5 10 20 7 13 18 4 11 15 6 19 21 9 14 3 0
87 14 20 10 21 15 12 0
59 10 2 12 11 21 18 6 17 7 19 3 13 16 14 15 8 9 4 20 1 0
87 4 6 10 13 8 0
72 16 13 19 11 20 14 15 3 9 21 18 10 2 6 12 17 0
63 2 10 15 17 16 14 0
96 15 7 12 16 10 6 9 3 0
13 13 9 21 18 12 19 5 14 3 1 10 7 11 20 0
61 19 4 18 10 8 5 1 14 0
89 9 18 10 5 14 21 20 15 7 12 16 0
80 17 2 16 8 21 12 9 11 6 20 10 4 14 13 3 7 0
40 14 2 8 4 0
10 19 2 7 9 20 14 17 18 3 1 21 6 5 13 11 0
91 10 19 18 17 8 11 21 12 16 7 1 13 20 15 3 0
10 18 8 21 12 0
21 6 16 12 13 5 14 1 11 10 18 3 21 0
19 11 12 2 16 10 0
50 17 21 10 3 12 11 18 8 2 20 1 19 14 7 9 5 4 6 0
8 13 4 12 6 9 18 2 1 7 5 21 16 0
55 6 13 11 1 2 9 12 3 19 8 21 14 5 15 17 16 10 20 18 7 0
1 19 3 6 7 17 2 1 13 9 16 10 18 11 15 14 4 5 8 20 21 0
90 10 11 20 4 15 21 12 3 19 0
16 8 13 20 10 11 17 2 7 4 0
14 16 21 10 8 0
28 13 3 4 5 6 18 21 17 10 8 7 1 20 16 19 14 12 11 9 15 2 0
41 6 12 16 20 9 5 8 17 14 0
29 20 16 17 8 2 13 3 6 4 10 11 19 14 7 21 18 9 12 0
81 16 11 13 20 5 9 1 21 19 18 3 12 14 8 6 15 10 7 17 4 0
71 21 19 16 0
2 14 17 8 20 1 7 11 3 5 9 16 10 4 12 2 18 21 0
1 2 16 20 9 3 19 15 6 4 12 21 1 18 17 0
79 9 11 3 5 19 20 18 14 17 1 12 4 2 8 10 7 21 15 6 13 0
37 11 19 21 16 18 12 7 15 3 14 6 0
85 3 2 5 15 9 16 14 8 17 10 12 0
90 12 0
87 2 1 6 21 20 15 5 13 18 11 0
5 16 1 18 19 3 14 6 20 8 0
20 18 20 16 10 8 12 6 1 17 0
51 19 10 21 2 15 16 20 1 13 4 17 0
79 14 2 18 11 5 4 10 19 6 13 9 1 12 7 15 0
8 14 15 20 10 9 13 3 21 0
83 9 3 10 7 8 12 21 19 18 4 13 2 17 5 14 1 20 16 6 11 0
31 2 0
99 4 21 10 3 1 12 7 11 6 20 19 5 8 2 13 15 17 14 16 9 18 0
4 12 17 7 9 15 4 0
42 20 7 1 6 10 2 19 3 9 21 15 18 17 8 0
74 13 7 21 20 11 6 9 0
86 12 6 3 5 16 15 17 2 10 21 9 14 19 13 20 18 8 11 1 7 4 0
2 1 15 6 20 0
16 5 4 8 16 20 9 19 2 1 21 13 10 18 12 3 11 7 17 0
6 13 14 2 17 6 19 18 0
14 15 1 6 13 18 4 21 17 16 11 7 12 19 8 9 10 20 2 3 14 0
65 11 8 17 15 20 18 7 4 1 16 6 9 21 10 5 3 14 13 12 2 19 0
69 18 11 19 14 2 21 4 6 3 13 16 10 5 15 0
66 2 20 19 8 11 1 3 16 5 18 10 7 0
99 14 19 17 8 21 10 18 4 12 16 13 2 15 0
27 18 2 7 9 14 12 1 15 16 4 19 3 11 0
73 18 17 2 1 4 19 14 7 21 8 10 12 9 16 6 5 3 15 13 11 0
87 17 3 10 6 5 9 14 21 18 16 20 8 7 2 13 11 19 1 12 15 0
48 15 14 5 4 16 3 9 6 10 20 7 13 19 18 21 0
32 13 6 18 5 9 7 15 3 2 20 8 17 16 1 10 0
71 2 20 0
78 16 14 18 17 15 9 6 7 2 8 4 12 20 19 1 11 13 21 5 3 0
50 50 68 24 41 100 37 72 28 35 75 15 1 30 18 74 26 97 11 84 99 
48 98
51 79 94 40 37 8 11 63 18 97 25 73 84 51 46 29 87 38 17 27 82 26 81 74 13 69 6 57 90 70 0
57 31 97 10 67 57 24 21 69 90 81 6 93 45 23 80 87 52 71 83 68 70 13 92 5 35 44 4 18 56 66 75 55 53 22 16 46 64 0
14 68 45 8 38 27 72 12 55 43 5 51 19 69 23 10 28 3 94 17 40 66 59 96 32 85 46 61 35 22 92 58 90 49 15 41 77 88 65 13 79 16 98 57 31 67 42 93 29 1 47 87 24 53 62 7 56 64 70 89 37 21 71 9 26 14 36 48 39 6 63 4 18 97 54 0
38 69 25 18 96 13 80 19 42 81 71 84 98 72 5 2 3 21 47 9 93 61 62 24 16 30 38 66 34 76 45 65 89 17 70 58 91 83 86 15 26 92 55 56 0
64 38 45 8 0
56 84 64 49 98 34 57 97 92 80 69 77 79 9 6 87 48 85 39 56 94 51 67 60 38 0
12 5 30 67 83 32 8 10 94 54 57 15 86 29 40 93 53 12 69 22 31 66 24 48 82 2 84 64 61 55 50 39 56 42 87 11 3 44 89 1 62 16 38 79 46 19 21 78 49 97 71 26 41 33 18 20 14 45 9 98 70 88 47 34 58 85 0
89 17 36 59 46 0
36 3 91 52 56 78 37 62 61 11 31 69 65 36 6 10 23 44 94 98 73 26 39 5 2 9 55 82 66 17 21 79 81 43 59 1 48 27 32 28 84 77 93 85 49 46 7 75 18 71 24 57 45 4 64 19 22 74 97 35 96 16 86 90 8 80 40 60 12 34 70 92 83 33 41 53 29 95 58 0
90 24 40 44 54 76 79 68 82 71 95 7 48 90 33 65 12 35 81 45 29 38 3 37 55 66 25 5 0
59 66 33 71 90 26 81 69 14 87 45 43 29 32 54 19 67 35 51 53 1 62 46 61 34 20 48 70 52 23 96 47 64 7 59 49 18 24 73 31 75 27 58 72 80 25 50 17 22 76 0
70 39 11 55 92 88 31 82 72 65 20 98 62 19 16 6 0
87 20 55 93 22 30 10 29 51 11 1 47 97 46 26 86 12 37 69 67 41 96 33 32 58 73 4 38 76 89 62 75 82 9 92 23 25 59 3 63 17 5 21 31 94 56 50 16 8 2 14 81 54 85 19 24 43 65 80 49 53 60 52 7 40 36 28 74 66 18 78 64 15 88 0
69 66 14 21 6 13 57 90 64 42 74 50 44 24 28 16 63 17 77 20 96 2 79 82 73 1 30 71 97 94 9 46 58 60 18 25 68 91 34 55 80 3 75 48 61 67 39 43 7 8 86 62 70 23 15 45 22 47 5 40 49 4 11 84 83 92 31 37 76 19 36 54 93 72 65 12 10 41 69 87 35 26 95 59 56 32 89 51 33 81 38 88 78 98 52 0
12 84 6 2 26 66 80 50 10 82 72 16 0
36 21 62 93 53 54 63 58 95 28 80 56 46 32 50 10 23 37 40 19 65 94 8 82 85 88 39 92 26 41 48 77 9 29 45 59 13 52 22 1 61 70 78 66 5 14 91 90 30 0
39 56 23 60 76 81 32 47 31 19 27 74 29 58 51 54 30 42 62 89 71 25 14 1 68 45 87 34 75 72 93 82 4 49 59 37 17 97 96 22 13 16 52 92 98 61 78 36 0
10 14 69 44 18 9 75 32 57 48 84 36 33 16 12 40 72 93 8 54 30 29 37 95 17 43 55 98 60 64 34 97 81 51 79 62 50 21 23 39 38 91 4 88 49 27 87 82 56 77 92 7 2 94 45 10 53 0
39 7 0
65 10 75 83 91 51 82 14 66 11 23 20 40 37 46 39 93 84 97 31 1 81 96 52 89 15 7 6 4 13 49 30 77 92 73 88 5 17 32 26 50 24 58 57 79 34 62 33 43 42 64 27 85 63 0
22 81 87 74 30 53 60 36 6 57 19 35 67 70 72 34 46 47 25 44 78 49 11 86 37 42 12 77 68 83 92 21 95 51 9 8 18 26 13 33 98 82 31 71 29 4 2 43 73 52 80 15 38 40 97 32 45 23 76 16 5 64 55 0
71 40 14 49 67 73 53 20 61 47 95 10 60 82 71 46 6 29 30 94 45 79 19 32 11 92 35 58 74 12 28 42 23 34 65 69 78 1 36 98 56 41 89 52 2 87 68 83 59 39 51 96 3 86 50 44 8 9 31 7 17 26 22 88 84 38 80 24 43 76 54 13 27 90 77 21 72 85 18 4 75 5 70 0
14 56 32 67 66 82 5 20 1 47 34 12 6 52 79 98 90 93 51 13 38 9 69 87 72 29 78 33 10 39 11 36 61 23 92 44 74 94 80 86 68 91 83 4 18 35 53 96 48 71 50 25 62 64 15 22 40 75 30 2 63 49 0
85 19 51 57 94 7 74 62 36 11 44 16 42 68 85 91 15 90 3 64 18 53 82 50 40 77 29 12 6 9 35 8 41 24 0
22 49 62 81 50 92 31 22 25 53 47 29 14 30 28 9 72 0
76 88 18 33 26 91 86 8 35 79 6 45 27 34 4 44 48 59 43 62 98 85 97 36 81 96 87 71 30 49 89 57 0
8 74 33 70 61 28 59 32 41 88 85 5 53 4 45 64 39 31 93 25 35 40 80 63 66 3 55 24 78 13 44 90 92 18 86 91 27 65 68 72 94 47 84 48 0
32 63 18 81 12 87 6 90 14 58 69 89 44 75 19 48 53 98 33 5 97 91 9 72 25 65 43 4 86 31 73 27 96 49 94 64 88 92 42 83 62 24 85 3 39 66 78 67 35 0
34 92 44 54 38 12 52 46 14 5 55 17 25 45 65 76 59 74 19 80 9 63 29 82 1 7 93 84 75 58 3 69 77 66 37 11 73 83 87 33 36 96 6 94 70 60 71 61 4 95 42 39 43 56 51 57 67 35 16 28 88 10 48 27 30 26 50 89 62 41 2 32 72 40 20 15 68 21 49 0
52 14 37 93 48 55 65 82 34 42 3 24 86 18 0
55 89 12 3 77 49 68 10 61 70 34 94 69 41 72 53 20 9 32 5 47 31 90 88 43 37 51 98 0
40 7 32 98 31 46 40 86 14 77 91 25 27 30 3 65 60 63 47 45 4 35 80 66 0
44 45 1 85 9 32 71 0
91 91 41 73 53 17 22 0
75 75 57 91 95 68 49 1 11 93 81 47 14 72 13 16 65 12 38 25 10 52 9 17 94 92 26 5 20 32 18 53 15 28 74 46 76 40 54 27 8 58 56 69 86 83 70 45 84 44 96 41 80 48 60 36 62 19 64 82 51 73 55 50 59 79 97 22 7 33 61 37 77 23 29 87 66 89 98 90 39 34 63 30 6 88 43 42 67 24 35 85 2 31 78 21 4 3 71 0
21 42 77 83 82 11 4 54 51 74 53 70 95 5 87 62 90 39 1 94 28 38 27 61 21 25 56 67 34 75 92 17 30 57 36 80 64 60 47 86 8 55 10 72 46 44 49 59 50 29 43 3 91 18 73 32 79 12 98 66 84 22 63 58 40 37 71 24 19 35 41 45 26 7 20 85 78 68 88 15 48 16 65 33 93 6 89 14 69 76 81 31 13 2 0
45 8 29 91 9 32 16 25 71 97 7 83 37 54 62 81 50 4 2 12 42 55 5 28 47 73 49 48 46 84 89 34 64 63 98 93 1 72 3 38 90 18 66 61 10 70 30 77 51 26 13 20 44 43 95 74 92 35 96 88 15 24 56 19 0
93 31 91 16 92 36 11 45 30 13 56 43 49 47 22 53 98 50 33 60 0
62 69 80 27 29 50 40 88 20 70 79 33 86 23 41 83 72 85 67 30 19 81 3 44 76 82 45 95 51 97 43 62 84 11 91 77 15 21 25 55 14 0
95 58 46 24 71 59 52 33 80 4 32 19 92 1 17 88 93 53 18 73 75 61 68 95 7 77 0
58 38 96 17 18 1 43 5 13 47 57 82 28 42 98 68 34 72 92 14 9 48 25 36 73 40 64 78 11 46 30 89 63 12 7 74 53 37 61 4 58 35 41 21 15 50 56 94 84 51 49 6 59 44 81 90 3 52 0
88 79 12 59 66 85 27 70 97 33 26 41 91 57 54 10 82 1 36 86 53 5 44 84 18 62 40 94 28 4 0
97 98 96 95 87 42 54 84 82 79 39 10 57 93 65 73 26 11 2 52 34 14 44 15 27 37 0
37 62 0
83 20 60 33 96 23 26 37 87 61 80 47 63 18 81 95 84 27 11 25 55 4 39 13 77 44 42 30 17 85 67 71 28 14 93 73 48 31 53 2 16 70 83 86 69 59 52 91 40 82 97 34 94 50 22 64 65 21 92 88 75 3 51 12 6 74 98 76 10 41 57 36 0
51 10 12 86 40 54 51 32 18 91 48 66 3 38 78 14 81 82 73 68 46 44 21 71 33 52 90 83 74 63 98 61 26 96 45 30 42 57 8 29 7 6 4 23 70 95 76 97 28 77 36 87 37 11 75 1 49 80 89 0
61 49 80 72 62 66 61 48 67 44 91 18 30 90 83 47 78 50 70 77 92 3 41 4 46 12 42 28 54 2 64 65 89 98 27 5 40 21 75 68 59 85 11 0
8 14 12 66 65 24 36 30 98 73 91 37 26 59 77 39 54 79 74 27 87 52 88 55 70 69 64 38 29 1 2 96 3 19 62 72 33 57 71 0
56 74 57 41 57 80 3 86 79 88 18 51 59 32 66 61 63 76 68 61 28 87 42 98 4 56 1 29 66 23 51 59 63 93 40 86 31 10 48 2 19 16 1 61 69 43 41 100 25 11 72 44 53 33 95 62 49 21 43 35 13 91 92 59 64 73 73 30 23 17 99 83 73 68 48 64 60 33 49 2 91 54 7 95 53 68 43 38 30 93 20 58 29 19 54 5 14 14 
79 49
89 16 18 26 6 35 29 27 17 9 47 32 34 11 25 44 42 4 39 48 20 40 31 38 2 15 0
9 8 28 34 41 43 12 49 18 9 37 0
99 25 15 29 19 40 41 39 5 37 36 27 11 2 33 30 31 14 46 21 12 38 10 20 3 26 23 42 22 34 0
21 45 18 1 13 9 5 32 34 24 41 30 42 21 43 46 17 40 48 44 37 28 14 16 10 33 31 4 8 22 11 7 12 25 3 26 49 2 39 29 35 47 23 20 36 38 27 0
85 48 27 10 44 38 37 5 7 14 18 2 28 24 49 29 6 0
15 2 15 20 17 31 37 11 49 24 33 3 35 47 21 30 7 13 45 29 43 28 44 8 23 0
44 22 11 13 31 7 49 14 6 24 3 44 40 5 47 35 45 21 4 26 48 42 12 2 17 19 16 27 10 25 1 38 43 20 8 28 39 23 37 0
75 19 24 28 0
68 38 35 43 45 19 30 1 25 13 37 27 48 28 39 10 15 6 23 26 0
18 30 19 0
12 12 33 38 3 48 43 0
87 14 22 12 15 10 33 1 32 19 27 16 47 48 35 37 8 49 11 0
92 43 33 45 4 42 20 0
15 26 13 20 32 29 48 49 9 21 34 0
12 1 44 13 4 31 48 15 41 45 49 40 36 25 8 47 22 16 12 9 33 14 21 37 34 19 39 32 7 35 2 38 30 0
52 5 22 26 28 19 14 21 18 46 48 24 33 42 10 39 16 9 47 45 32 2 44 29 7 31 0
77 5 40 45 4 33 48 32 47 24 14 10 26 41 18 30 20 49 13 6 34 35 42 37 11 3 36 38 1 16 23 29 21 39 44 31 46 0
32 49 38 5 30 29 0
77 22 46 44 26 23 24 19 15 17 49 11 27 42 13 32 16 48 31 12 9 2 3 35 8 47 4 1 37 28 20 45 10 33 38 25 29 5 41 39 7 21 34 0
77 25 3 18 31 12 23 21 32 44 42 5 45 47 2 9 11 30 20 7 16 22 43 40 27 48 38 13 6 1 37 36 28 17 29 14 34 41 15 35 33 10 4 26 19 39 24 0
31 5 15 7 45 19 32 40 18 1 44 35 4 17 21 13 30 22 10 2 14 29 47 12 41 34 3 27 8 9 39 48 23 36 16 11 20 38 43 6 26 24 46 31 33 49 0
26 10 5 41 2 32 26 49 0
32 41 20 17 22 12 2 13 32 29 5 36 49 11 18 15 28 42 33 23 6 26 44 47 40 38 24 16 1 30 31 10 4 37 0
31 17 45 36 2 16 18 33 47 48 27 46 29 38 10 44 43 39 5 14 42 22 11 26 25 20 30 28 49 8 7 32 13 1 37 24 40 15 12 19 4 31 6 21 34 35 3 41 9 0
1 1 45 37 40 0
24 24 14 20 10 3 9 46 11 35 49 23 32 21 43 40 38 33 19 8 6 26 44 28 30 47 27 7 12 39 31 15 18 16 29 34 0
33 42 18 14 0
52 1 4 43 49 3 25 18 5 0
60 46 30 11 28 7 1 9 10 4 49 19 43 45 39 31 35 8 13 37 18 3 5 47 41 44 42 25 17 38 33 0
72 12 18 16 21 4 25 7 9 48 36 43 10 46 38 33 23 28 15 11 37 49 39 8 45 22 41 40 17 35 3 0
94 14 19 16 34 1 33 5 22 17 28 25 38 7 0
59 34 45 20 27 17 4 25 23 18 19 47 21 3 26 38 49 36 12 5 48 14 40 0
9 33 8 14 22 36 3 38 35 0
59 47 24 37 25 8 42 26 46 14 1 29 27 0
88 1 45 6 21 30 33 35 34 2 10 8 11 49 3 15 47 40 26 28 25 27 0
18 6 0
44 42 8 0
69 32 25 35 12 1 3 27 17 9 43 6 0
67 49 45 21 11 46 26 27 13 37 0
35 27 6 20 15 19 1 47 14 0
23 14 37 3 28 35 21 44 11 6 7 0
96 12 14 37 49 43 15 38 44 26 42 41 34 6 0
6 4 48 43 8 46 14 47 25 5 34 31 10 7 17 1 2 41 18 11 13 28 35 39 44 6 22 38 29 20 9 0
10 16 5 24 4 6 47 43 8 0
1 44 31 22 29 26 45 23 18 27 39 2 34 40 13 38 46 25 49 19 17 24 8 43 16 1 36 15 9 37 3 48 35 14 28 11 32 33 7 10 42 47 30 41 0
74 4 31 33 39 21 47 12 13 22 26 40 35 7 24 46 34 10 48 44 8 2 23 32 9 16 29 43 20 11 25 5 17 36 6 37 3 18 27 41 30 28 49 42 14 0
5 25 23 31 34 17 33 40 11 38 24 19 12 30 44 2 20 16 18 21 28 9 22 8 15 39 41 29 37 43 13 49 14 4 47 42 10 45 35 3 6 26 7 32 46 5 48 1 27 0
63 37 30 36 15 25 19 23 22 10 17 7 47 3 9 20 46 11 12 28 31 41 32 27 14 5 16 35 29 18 24 6 0
33 13 28 42 11 8 36 34 48 40 10 21 35 12 14 33 37 3 32 7 5 9 19 1 6 26 25 43 39 24 45 18 46 22 27 44 41 49 4 38 15 0
98 21 20 33 28 38 15 6 34 45 35 22 44 16 24 42 7 14 25 5 17 32 39 46 3 30 23 43 48 36 26 18 49 29 2 12 0
97 24 11 9 15 37 14 34 32 29 13 26 1 31 4 30 22 41 36 16 45 18 12 5 3 46 49 25 23 35 28 27 33 47 40 8 7 38 21 43 2 10 42 20 6 44 0
20 25 1 19 16 21 44 20 14 23 10 48 39 13 15 33 22 6 32 42 34 43 0
87 10 12 17 7 25 49 28 3 15 11 44 27 30 48 1 43 36 18 46 14 23 2 40 4 37 26 41 33 13 47 0
91 10 36 19 22 4 26 28 32 16 30 0
84 49 34 31 38 12 37 5 17 16 27 43 15 35 3 21 32 42 14 45 11 40 19 18 6 9 24 41 33 28 20 8 7 25 1 46 30 4 48 44 29 13 22 0
54 19 37 29 47 9 15 43 5 45 44 27 7 11 41 35 36 1 14 30 21 4 33 23 42 3 18 38 17 8 46 16 22 39 12 28 20 0
69 15 29 39 37 22 36 2 23 8 40 46 4 47 17 12 5 48 9 21 33 11 31 20 7 35 28 3 16 27 44 42 19 49 32 34 1 43 24 45 10 30 13 14 26 6 38 41 0
79 21 1 19 16 15 30 10 33 5 23 24 41 12 43 38 27 26 28 37 39 11 9 47 6 25 2 0
37 44 33 13 40 10 37 28 23 31 24 30 14 20 3 47 21 0
96 49 16 11 28 15 20 8 43 36 29 9 37 35 25 10 21 47 19 42 33 17 26 44 39 41 45 0
15 47 45 32 46 13 36 42 14 2 15 27 29 38 44 7 20 10 6 34 33 18 0
23 23 15 44 37 16 28 34 29 8 11 19 30 21 49 4 12 31 48 2 10 38 35 1 24 27 20 39 9 42 5 14 13 26 7 25 17 36 0
89 27 2 19 22 10 15 36 18 5 17 1 26 23 41 7 42 3 46 24 30 38 31 9 32 45 13 43 37 6 44 29 12 8 11 34 40 21 49 14 33 16 35 48 0
76 32 3 22 13 18 5 49 20 30 23 38 15 7 19 46 8 10 40 48 35 17 27 47 0
58 29 26 43 40 4 22 47 33 3 19 30 31 15 17 27 32 41 20 2 13 48 11 14 25 37 9 34 38 42 0
1 24 48 21 9 27 49 20 25 15 8 43 36 0
54 24 11 37 30 48 41 26 6 19 38 2 34 25 10 23 44 16 9 7 33 27 8 5 12 17 4 22 32 43 14 1 49 29 39 35 21 15 20 13 45 42 36 0
87 33 29 19 1 9 27 37 22 0
79 17 6 38 21 28 32 19 37 29 41 16 39 43 49 12 31 18 35 42 7 24 47 3 15 26 9 14 30 34 10 33 45 13 11 22 5 4 1 25 46 23 27 20 36 0
57 39 30 6 15 25 49 31 12 44 20 22 46 11 40 1 9 33 34 35 28 27 17 38 43 41 7 32 8 13 47 2 19 14 36 26 37 10 0
88 44 26 17 18 4 29 10 11 24 0
16 30 19 34 7 23 15 6 14 42 49 3 45 26 24 32 31 0
45 19 40 45 24 35 36 42 34 49 26 37 7 38 43 9 32 15 13 17 1 0
37 23 12 24 48 18 35 16 5 9 0
71 32 37 1 7 3 22 9 33 19 34 31 15 44 40 18 13 48 16 23 8 5 36 28 42 43 12 0
35 23 2 31 6 43 20 34 13 10 35 36 16 46 9 33 15 11 30 21 38 26 25 14 40 39 28 44 7 3 27 41 49 1 19 48 32 17 0
99 44 39 40 16 46 6 37 9 43 19 2 30 8 35 22 0
12 35 1 36 19 7 4 28 48 6 24 25 12 32 41 43 46 10 29 22 45 5 23 33 8 21 14 26 2 49 44 30 9 20 42 11 17 0
64 15 34 14 23 44 39 37 21 19 24 26 30 41 40 31 12 9 11 17 27 7 13 22 5 33 20 48 36 6 43 42 1 2 45 46 35 38 4 25 29 0
33 99 24 79 47 33 77 83 81 2 40 40 19 7 6 22 41 45 84 76 27 13 86 49 4 23 45 78 87 38 19 76 37 74 26 20 45 75 59 61 69 93 67 5 43 83 14 20 52 
100 47
30 14 40 45 30 7 28 39 5 33 36 6 10 9 31 43 16 25 44 8 19 27 34 1 38 0
21 42 36 21 38 10 32 11 24 2 1 12 18 31 37 34 20 3 25 9 7 35 16 26 22 5 13 46 29 17 27 15 41 28 23 8 45 39 30 4 44 40 14 33 47 19 6 0
30 5 23 10 30 45 1 34 3 46 37 18 29 32 24 42 17 27 28 26 12 2 41 40 6 47 13 15 31 4 8 7 39 33 0
18 32 14 21 31 7 19 36 15 44 41 6 0
16 13 23 28 43 5 41 25 33 9 27 39 36 32 38 1 2 15 11 30 0
89 2 14 23 38 3 15 26 12 6 7 43 4 45 10 19 17 21 18 1 9 37 25 34 8 44 24 47 27 30 35 5 42 13 36 41 46 39 11 31 20 28 22 16 40 0
6 45 14 18 22 20 13 8 12 42 31 7 23 9 24 26 33 39 5 38 36 29 15 43 21 46 6 11 3 19 27 17 2 16 37 10 40 4 28 44 25 47 1 41 0
32 44 40 20 41 14 8 1 18 45 42 10 39 12 46 31 13 34 6 35 38 23 32 28 15 3 22 27 26 24 33 11 30 4 36 43 5 21 29 25 9 7 47 0
40 6 19 47 42 12 0
58 18 22 40 3 35 21 13 42 38 17 1 11 32 15 24 37 46 23 43 45 8 33 19 26 41 27 2 31 4 7 20 25 9 16 6 36 28 47 10 0
46 36 8 28 17 31 45 15 18 11 40 5 37 21 7 16 30 42 29 19 22 46 26 34 3 44 6 27 24 47 35 23 39 0
72 38 37 15 32 43 30 2 31 26 3 6 7 9 18 11 21 40 4 46 14 25 1 41 28 20 24 44 13 45 29 22 16 19 42 23 36 33 27 17 12 10 5 47 8 35 34 0
77 37 34 25 4 42 2 6 41 3 12 38 15 21 16 39 33 14 43 47 7 35 31 45 44 32 22 28 9 18 11 27 40 23 26 30 24 5 8 0
18 16 46 19 44 30 26 33 28 47 14 38 11 1 39 42 41 0
67 39 35 9 22 6 2 24 43 16 11 5 41 1 20 46 36 33 10 3 28 38 23 44 34 15 21 7 40 37 31 42 14 26 12 13 17 30 47 45 19 27 0
61 14 20 46 36 22 11 5 42 27 34 21 47 44 16 23 45 8 3 17 0
97 35 41 18 24 4 12 15 23 27 44 31 47 45 33 42 6 11 46 1 43 17 38 2 29 37 22 36 14 39 28 40 10 26 32 30 19 20 25 8 7 16 0
19 40 20 7 37 21 34 19 45 47 26 13 36 29 30 28 31 35 43 4 8 9 16 39 38 6 18 17 2 5 24 33 3 22 41 32 42 0
90 11 27 41 10 13 14 35 8 46 18 12 45 26 16 31 40 29 28 39 23 6 0
30 25 21 31 11 14 4 45 27 42 12 35 18 47 29 0
89 31 38 13 39 35 7 8 29 36 47 28 42 37 0
50 47 21 45 20 35 40 13 9 37 10 39 22 17 12 19 25 31 0
73 47 4 13 39 20 9 26 6 46 23 19 0
95 14 13 12 44 33 32 17 20 35 39 19 43 8 30 21 27 28 34 26 11 1 31 46 10 0
48 35 25 5 9 45 46 19 30 32 31 47 11 43 1 2 13 18 4 36 17 14 7 22 27 44 38 21 3 29 12 0
46 18 39 25 37 16 33 41 9 40 11 27 43 26 7 24 22 21 34 28 47 38 10 12 3 0
79 18 44 33 4 5 28 13 15 46 47 39 42 0
21 29 24 45 46 36 5 28 25 27 20 41 23 22 16 15 40 34 37 7 11 21 9 38 10 32 18 14 13 44 3 35 0
89 26 45 25 32 40 38 35 4 30 6 19 28 44 36 11 21 24 3 20 15 31 47 22 14 8 10 23 12 0
22 13 18 34 22 39 46 27 15 33 14 8 44 10 28 7 25 29 5 40 3 35 17 45 41 6 36 43 38 0
10 38 24 1 17 37 11 2 25 16 42 3 10 9 40 21 6 18 44 8 12 28 36 15 13 41 5 46 34 4 7 14 39 0
44 7 25 33 9 27 15 44 8 31 3 41 30 20 28 47 2 46 29 36 45 22 42 39 12 11 43 21 16 10 38 4 18 26 19 1 13 32 24 17 34 6 35 14 5 37 23 0
61 34 35 20 28 32 22 14 24 12 0
92 46 45 22 35 30 17 23 11 13 15 37 27 34 0
3 26 30 28 11 2 14 15 13 24 46 21 38 16 18 44 4 29 7 20 37 23 12 41 27 9 39 1 22 5 35 8 17 47 3 42 10 45 43 31 25 34 19 0
24 11 46 21 5 17 38 6 14 28 44 2 19 37 16 15 3 36 39 7 31 41 0
43 12 44 8 1 46 11 28 39 14 40 15 19 25 35 33 23 16 24 18 26 38 7 45 22 9 36 17 21 0
24 42 44 37 25 23 31 35 5 32 6 45 3 19 14 29 47 16 9 40 26 43 2 11 34 33 21 39 1 10 12 46 24 22 36 20 17 41 4 27 38 28 30 18 0
60 33 31 16 47 1 6 23 12 37 3 35 46 32 41 30 36 7 0
16 14 41 27 1 30 11 43 29 36 26 35 9 32 17 0
72 9 1 31 2 11 15 36 35 44 34 30 24 27 4 40 14 8 13 23 17 33 26 20 32 12 29 45 38 18 41 5 21 19 7 42 10 43 22 39 0
51 7 31 43 36 17 26 42 6 2 47 11 9 37 13 19 15 32 4 8 30 0
59 19 29 26 10 44 9 24 7 37 16 17 47 41 27 5 35 28 25 43 42 13 33 38 0
92 46 1 28 24 7 12 30 26 44 10 13 25 43 21 39 47 38 0
31 15 11 13 5 0
29 30 46 39 4 2 43 15 41 16 40 3 33 9 13 10 44 42 20 17 28 21 29 5 26 35 38 18 45 12 1 24 25 19 27 23 47 8 37 31 32 11 22 6 7 34 0
29 44 23 18 11 29 10 13 7 17 28 4 33 43 37 9 26 27 19 12 0
92 20 11 12 39 4 25 45 5 27 21 18 47 14 8 35 13 43 30 10 19 33 36 16 34 26 31 6 23 9 37 46 32 40 38 7 3 41 29 44 17 15 42 28 0
93 31 41 8 15 35 23 27 26 42 13 37 19 18 45 44 2 24 40 9 10 11 17 4 14 46 36 25 0
21 17 45 15 30 46 31 20 42 23 44 47 41 8 2 16 33 40 18 7 4 12 34 39 26 37 10 24 19 36 5 25 0
79 43 33 45 40 44 17 23 6 5 19 8 46 13 22 34 18 14 21 16 47 11 29 2 12 31 41 36 42 30 26 3 9 4 0
83 14 26 6 31 29 42 38 9 47 34 0
36 1 45 20 22 3 2 26 8 37 33 17 43 4 30 16 28 5 13 15 44 39 35 18 36 11 31 27 38 29 10 0
85 44 14 30 18 2 29 38 39 46 0
25 2 33 14 28 5 12 16 22 7 0
49 22 16 24 45 23 3 36 25 34 13 10 28 14 5 47 12 26 9 38 33 0
55 18 3 6 8 33 15 9 30 24 42 2 43 45 1 29 27 41 17 47 5 40 4 34 13 44 12 14 16 39 31 46 28 38 35 32 37 11 21 22 36 0
66 18 17 26 24 13 39 10 40 2 37 1 36 11 20 32 41 15 21 29 38 43 42 9 5 35 30 19 0
74 25 4 29 32 42 10 24 2 41 36 28 20 15 0
13 43 39 23 31 47 33 25 18 3 42 27 6 4 40 10 20 24 32 16 17 30 13 28 34 29 0
92 12 45 25 32 35 42 36 7 4 5 34 15 38 46 40 30 20 26 6 1 28 11 23 9 2 43 37 8 16 22 47 14 27 41 21 33 44 29 3 0
73 29 18 39 17 24 33 30 14 35 12 6 34 42 5 28 15 4 26 7 2 0
79 18 5 33 26 29 17 39 25 28 45 8 3 9 2 40 41 32 38 14 19 46 4 11 43 42 34 22 36 47 21 13 23 7 27 6 20 44 10 12 30 37 0
92 25 28 8 29 35 20 38 36 34 6 22 10 13 14 44 45 5 40 11 27 19 32 43 31 0
90 33 44 19 1 36 25 41 15 13 46 22 2 26 11 18 21 34 23 5 30 35 6 45 29 47 28 27 31 3 12 16 20 43 17 42 24 37 14 9 4 38 39 40 32 0
51 4 25 31 14 11 8 17 43 41 35 30 38 19 3 13 40 5 34 0
54 46 6 29 44 12 27 35 28 42 31 20 4 2 39 11 36 34 25 16 1 37 41 47 10 8 7 18 14 5 33 38 24 0
89 44 0
46 2 29 37 45 27 20 3 4 41 1 34 40 24 42 36 31 8 47 13 17 9 32 46 11 6 18 22 5 7 25 23 14 39 21 33 19 38 26 0
34 46 37 40 18 1 14 17 32 31 42 15 5 28 24 7 16 2 26 30 39 36 11 12 33 8 43 13 20 21 19 3 10 25 0
84 34 5 15 33 19 28 24 11 8 25 2 32 35 31 10 37 21 3 47 0
91 46 22 17 44 11 24 47 8 9 41 42 27 29 6 26 35 5 10 25 2 33 13 1 3 45 16 18 0
73 41 4 47 33 14 24 31 13 44 1 19 11 40 38 25 37 32 16 7 18 10 2 36 26 6 23 30 15 21 27 35 20 43 17 0
7 40 37 7 21 5 6 18 47 13 27 12 17 31 9 16 35 4 20 2 14 38 22 19 34 10 33 0
63 17 21 36 25 10 18 41 47 23 26 43 1 24 12 44 30 3 8 22 2 37 40 16 34 15 6 19 33 27 31 11 7 4 13 0
32 12 38 47 41 16 19 1 26 42 2 39 28 17 14 6 46 13 21 24 32 8 9 43 23 3 5 36 7 18 34 35 11 22 30 40 29 10 31 0
23 23 44 5 40 3 29 35 2 37 12 42 11 47 15 25 9 4 17 41 46 10 8 18 21 24 0
76 14 43 41 13 32 23 44 34 18 2 4 24 39 37 8 38 0
23 33 8 47 44 4 14 22 5 38 36 43 1 25 15 7 27 30 3 42 45 0
53 42 23 28 41 44 2 37 47 1 30 11 8 14 13 21 15 9 16 39 19 7 17 6 33 0
88 38 5 34 21 45 31 47 11 27 9 42 8 13 18 44 7 39 22 6 37 41 10 25 32 4 30 36 28 14 20 35 17 3 26 29 0
44 6 5 23 27 21 7 35 36 30 3 0
5 28 2 16 37 7 22 42 27 18 25 30 41 45 8 47 5 40 10 43 11 6 26 24 1 14 20 21 0
62 18 35 33 0
32 8 29 38 24 42 23 16 46 15 3 33 5 20 39 7 22 1 9 6 37 21 45 19 40 14 17 4 35 32 13 28 10 36 44 26 11 34 12 2 41 43 31 0
63 21 0
89 16 6 4 37 46 17 18 28 1 41 32 19 44 0
43 24 15 8 26 23 31 4 27 25 6 7 34 43 2 12 19 33 36 14 5 29 1 10 47 20 44 21 17 30 45 0
22 19 43 8 1 24 17 44 42 37 28 39 0
59 20 21 10 13 9 45 8 27 28 25 40 0
75 18 3 17 28 33 29 11 5 20 34 14 21 27 10 30 22 32 0
100 31 41 5 36 44 24 9 15 39 26 27 8 7 20 19 18 11 35 38 40 10 0
32 22 41 16 4 44 43 0
99 21 0
27 14 41 46 23 20 25 44 27 6 35 47 29 45 10 26 12 2 19 32 24 42 38 43 16 34 31 11 37 3 22 33 13 17 21 28 8 9 4 30 0
17 30 3 33 7 16 40 36 31 42 47 29 2 34 28 1 20 26 37 17 12 32 10 41 9 22 4 19 45 21 38 6 15 14 24 18 11 27 5 46 0
66 14 39 12 46 43 34 22 19 2 42 3 44 20 47 11 5 15 29 45 16 4 40 9 18 27 35 24 32 37 13 28 1 7 25 36 31 10 6 30 0
47 16 15 35 23 33 47 7 22 39 2 31 20 13 12 38 0
7 26 41 33 24 46 43 19 1 9 35 17 28 20 6 36 27 16 12 40 18 37 34 39 8 32 2 47 23 15 7 0
51 18 0
61 46 44 29 10 8 55 28 19 87 45 55 19 49 9 90 29 28 14 91 28 24 82 61 33 36 71 77 59 6 74 14 71 74 89 66 2 69 14 25 88 65 16 73 37 91 34 
30 93
92 73 0
48 39 46 3 23 77 93 85 66 71 53 22 14 25 89 75 13 38 59 37 44 10 8 62 72 60 65 42 73 41 43 69 84 26 51 27 67 33 24 19 28 30 15 31 83 87 92 63 45 47 54 78 88 0
3 91 12 8 80 10 46 54 17 57 74 75 56 28 88 59 49 82 11 58 64 16 73 6 55 1 30 34 69 5 90 42 48 35 40 21 83 27 39 50 20 37 62 87 81 61 78 93 26 15 31 89 77 9 14 60 67 32 23 76 68 47 72 18 65 25 41 86 24 63 66 29 71 85 0
64 64 49 27 28 30 33 9 51 3 7 50 55 0
7 70 55 43 47 79 81 45 29 90 25 32 53 63 58 72 46 7 78 11 56 62 4 69 67 13 26 80 40 82 65 92 87 49 21 16 24 84 19 37 18 83 41 28 2 6 66 22 76 68 64 54 9 23 50 35 38 89 85 1 14 33 75 10 61 59 42 3 77 30 57 8 88 71 52 86 73 91 44 74 51 0
35 38 26 55 42 62 63 79 69 60 29 87 56 67 28 68 61 71 58 92 17 47 5 45 33 66 0
96 22 89 35 21 9 11 53 34 62 19 49 7 56 0
58 67 58 89 0
98 36 75 20 54 33 2 7 21 76 78 23 90 9 28 62 4 82 71 16 67 40 22 87 43 30 45 60 80 25 15 56 70 0
4 24 62 9 42 13 35 82 77 74 57 80 10 3 23 47 90 29 7 2 32 46 43 25 73 40 36 6 17 1 85 4 64 92 12 41 87 16 22 54 20 5 28 19 51 78 63 70 27 21 33 15 39 45 44 37 30 8 66 59 65 49 53 26 69 89 58 18 91 60 75 86 55 79 61 50 76 11 56 88 72 48 83 0
36 12 32 30 71 13 70 16 28 83 78 59 55 93 4 40 5 85 84 90 66 0
20 28 69 90 2 52 24 30 83 29 51 84 49 33 6 20 93 38 64 70 53 60 39 55 72 68 25 19 77 26 35 57 92 45 85 4 87 63 3 74 8 58 21 36 59 11 65 78 73 23 66 82 75 42 7 76 71 0
54 84 13 57 11 55 39 37 88 3 77 25 76 8 34 61 15 30 16 21 7 52 66 89 48 26 46 65 87 72 6 33 28 59 54 51 86 75 36 18 49 27 0
45 90 8 3 12 40 91 25 60 45 87 80 84 66 82 85 1 5 64 38 88 26 81 49 35 39 69 27 73 20 57 16 9 24 11 23 48 89 10 37 4 79 78 54 67 32 46 19 47 56 33 14 86 30 50 43 2 44 51 34 0
23 45 57 44 88 30 18 60 59 33 9 28 89 16 56 5 71 50 80 19 35 46 55 93 10 47 13 14 77 36 6 15 66 2 11 81 31 69 24 26 51 4 41 72 37 43 63 87 76 83 38 1 22 25 53 40 17 7 61 90 32 91 68 70 49 23 52 21 29 67 79 34 39 75 58 54 12 3 62 27 0
60 38 62 2 79 4 37 19 24 67 50 72 83 84 6 63 86 0
76 73 58 31 26 87 1 37 93 46 67 45 12 65 36 90 62 61 63 91 72 30 3 47 5 71 75 38 23 57 69 60 7 6 49 24 80 88 89 28 21 44 40 59 48 25 64 18 16 76 4 0
42 77 5 47 65 56 84 45 76 34 85 46 8 41 17 38 40 43 15 74 22 78 9 29 21 59 90 42 71 0
34 68 81 80 21 52 27 12 77 37 2 66 43 73 56 82 13 9 4 87 15 63 86 79 32 17 24 93 38 61 36 49 48 18 33 3 90 30 14 67 11 47 65 1 53 83 54 25 35 41 16 7 88 45 19 91 72 20 58 46 50 76 51 44 57 84 64 78 92 5 60 29 28 55 71 89 0
51 80 38 3 17 46 78 44 24 60 93 23 8 57 85 1 62 77 43 20 92 48 90 22 12 73 37 61 67 26 58 79 5 10 21 45 84 7 33 30 47 50 64 34 28 76 25 29 69 55 88 51 16 18 35 40 56 36 41 87 83 86 63 32 11 52 66 19 9 39 49 15 54 42 91 27 74 53 14 0
57 24 75 25 82 37 32 52 61 91 65 67 44 87 85 6 49 68 83 88 20 29 74 80 39 18 16 73 47 14 36 10 71 70 58 28 60 9 72 66 13 8 17 59 35 54 45 50 2 81 89 41 4 34 84 42 53 77 76 40 43 64 78 51 11 15 7 12 1 27 22 30 21 3 62 63 46 26 33 57 55 56 92 69 48 93 79 86 23 5 31 90 0
51 22 75 83 19 86 73 71 10 84 11 50 59 8 76 34 63 57 89 92 79 68 38 78 43 32 51 61 0
22 52 7 26 12 93 68 91 13 56 40 92 39 88 0
72 49 63 39 86 2 52 4 3 47 93 37 53 85 74 22 42 73 6 88 46 0
22 57 38 60 43 44 89 70 15 0
92 40 3 67 30 52 79 43 73 11 71 51 49 19 83 2 77 42 28 7 58 39 17 54 59 29 33 90 21 50 13 31 16 84 48 24 80 63 65 75 66 26 82 72 36 1 60 18 92 86 91 12 61 35 44 64 25 78 4 15 34 9 81 47 55 22 27 10 57 53 87 62 46 85 76 8 68 93 56 6 0
12 11 33 75 85 64 62 61 65 43 18 41 59 46 52 22 69 55 13 79 88 81 60 89 57 5 58 15 70 71 84 54 4 91 14 36 44 19 82 34 37 27 68 66 35 78 39 16 25 32 38 7 72 80 26 51 50 49 90 40 3 24 1 53 92 73 56 0
59 23 4 50 17 35 56 53 91 41 42 54 45 28 48 39 86 83 57 70 69 5 15 3 80 30 51 7 38 11 18 31 64 68 13 61 74 75 47 21 10 32 40 34 9 6 65 73 72 12 82 87 81 79 46 49 76 78 85 84 90 8 92 89 26 60 71 14 88 67 24 27 44 0
5 35 15 24 52 27 66 57 25 5 73 42 6 2 1 56 75 71 41 20 30 69 23 26 55 74 81 36 83 79 91 77 48 72 60 59 7 62 21 40 87 44 85 46 65 13 51 93 3 78 9 39 89 80 38 50 70 10 54 92 64 63 84 11 8 19 28 34 16 90 0
13 5 7 21 85 47 54 10 53 62 71 78 14 93 45 30 15 88 35 49 2 3 91 9 55 36 33 76 11 32 57 31 8 70 81 73 58 28 69 86 75 59 39 80 29 46 38 20 65 67 63 27 26 24 77 4 22 89 13 42 90 19 16 23 68 61 64 50 83 72 82 40 6 1 87 48 52 92 84 41 37 79 12 51 43 34 66 17 74 56 44 18 0
11 94 64 3 59 48 29 50 22 35 31 54 81 21 64 87 5 24 96 58 8 93 85 93 80 55 25 41 69 13 25 30 42 16 21 60 93 83 68 86 47 79 89 10 70 73 6 100 21 25 52 76 95 41 76 29 11 83 40 40 91 12 5 95 81 45 31 18 19 82 73 47 22 36 95 61 47 55 53 40 3 49 94 91 61 50 93 74 15 44 23 8 23 
48 81
40 52 47 38 45 15 60 70 22 71 79 7 57 31 37 28 4 9 27 11 68 13 32 39 19 63 33 20 58 46 1 51 69 65 34 26 30 44 62 43 25 3 48 18 55 75 36 10 6 42 17 24 23 61 53 21 74 50 12 54 81 0
74 3 38 2 17 67 4 26 71 0
6 14 69 26 71 51 25 16 38 57 54 61 32 40 41 68 62 81 46 76 56 27 75 29 24 58 34 4 18 10 31 63 47 33 79 1 78 0
84 14 52 62 17 40 44 63 47 49 65 54 3 9 2 76 34 19 7 46 59 27 16 32 79 80 64 4 13 50 30 5 26 43 58 74 70 55 11 38 51 20 35 24 69 33 12 53 23 29 6 61 71 28 31 56 78 10 57 73 37 42 66 45 25 18 8 72 75 77 68 0
91 34 23 56 52 72 43 64 80 58 17 69 46 54 47 81 63 71 3 31 38 45 42 39 55 8 68 6 29 13 4 60 12 24 9 70 37 20 61 79 25 22 16 53 48 19 28 49 40 77 41 44 5 10 76 21 78 33 62 67 0
33 10 81 71 13 1 32 46 62 18 3 76 45 80 64 21 77 38 6 54 74 55 12 4 2 41 52 60 29 31 75 78 20 50 5 48 30 53 51 15 57 49 26 8 63 70 79 0
9 72 9 46 24 5 2 28 26 23 56 0
60 58 39 50 69 71 46 68 2 59 4 31 10 42 81 12 25 22 28 14 44 51 27 60 5 26 53 73 56 47 37 34 61 57 19 15 80 1 64 13 8 66 77 30 40 76 74 24 63 23 0
91 56 42 38 25 16 6 20 21 23 69 67 58 76 65 70 45 74 9 73 60 62 12 26 55 22 68 47 14 37 8 27 75 33 15 41 10 5 17 3 44 72 31 63 48 19 39 79 66 71 29 24 4 43 80 54 81 57 40 1 28 78 61 36 64 35 13 49 52 7 34 59 53 2 46 30 77 11 0
64 44 5 39 58 23 72 32 60 7 35 38 22 30 50 46 51 68 25 67 15 47 28 9 48 65 8 4 31 26 80 62 6 66 61 64 34 40 33 45 55 24 19 53 41 70 14 27 79 21 57 42 77 17 10 2 78 59 52 37 36 74 0
55 77 30 65 42 6 34 44 9 36 22 23 71 0
28 74 32 11 27 13 1 48 52 2 68 19 29 54 5 77 0
32 10 78 9 42 18 40 4 53 67 20 39 30 74 2 26 71 21 8 23 51 50 76 27 47 12 5 66 62 15 57 7 34 29 25 16 63 6 64 79 0
33 74 12 10 57 35 9 61 44 73 50 77 26 15 23 51 2 38 45 0
82 12 41 24 6 79 10 43 75 40 59 60 22 30 70 28 48 61 5 54 58 11 25 7 51 77 23 76 45 2 1 9 52 37 36 63 21 4 8 19 55 81 31 44 47 33 42 26 72 66 67 38 73 18 35 16 15 68 27 56 65 34 29 64 80 20 17 71 62 0
87 47 40 3 62 50 78 23 46 32 5 79 20 31 6 52 76 74 73 35 30 59 43 11 60 17 13 72 65 37 54 68 16 44 14 1 9 57 58 28 22 38 10 75 71 33 66 49 53 21 55 80 81 24 34 25 12 48 18 64 39 19 15 77 41 67 8 51 26 2 29 69 70 45 42 4 7 36 0
76 43 76 34 44 70 54 7 62 46 12 18 50 0
57 29 54 42 66 33 17 46 52 44 25 69 57 2 28 80 56 41 73 78 11 62 63 36 50 18 48 40 27 5 30 23 7 68 67 10 71 6 3 13 34 59 20 58 21 43 37 79 76 55 81 65 19 15 51 22 4 61 32 0
72 11 4 22 62 10 27 20 57 3 56 1 69 73 77 67 78 7 35 52 44 26 8 12 55 81 59 76 28 47 36 38 21 34 9 24 80 40 32 53 41 60 68 17 63 16 33 71 15 75 51 70 2 66 48 64 79 14 39 18 54 31 37 45 0
68 29 21 14 48 52 40 9 10 50 80 68 51 8 63 81 26 64 70 39 18 6 31 0
40 40 45 72 44 20 70 10 65 28 38 64 19 68 31 52 29 9 37 0
39 80 64 7 37 30 10 42 36 76 60 13 0
12 33 31 8 70 23 68 45 14 0
11 78 81 70 32 6 9 71 33 77 30 1 45 25 69 72 22 74 47 64 58 76 26 41 17 3 75 14 43 29 62 53 13 59 8 40 50 34 56 21 37 80 23 7 73 5 27 57 63 44 24 12 18 46 0
45 23 5 37 61 79 76 81 12 17 72 46 1 67 41 31 33 78 55 20 66 56 15 21 74 36 19 65 70 14 34 42 2 52 71 11 28 77 48 50 32 53 38 45 8 57 9 27 51 69 63 22 18 62 6 10 54 30 58 44 59 47 35 24 43 26 7 39 13 64 16 25 3 49 73 80 0
89 33 25 70 77 76 63 37 66 8 71 0
81 54 7 42 45 5 64 35 68 51 12 30 38 58 80 69 8 74 75 65 46 76 11 37 59 72 47 81 79 78 63 25 34 1 23 67 16 22 29 70 27 53 31 20 26 39 61 66 6 60 10 3 21 43 49 14 17 2 15 19 13 48 40 73 41 28 44 0
77 60 75 26 59 42 46 15 43 25 22 27 29 69 2 31 40 14 35 32 13 66 4 62 17 53 77 45 52 48 34 7 24 33 78 10 12 70 38 20 3 41 23 54 55 37 1 9 67 80 81 61 49 0
42 14 33 73 74 80 51 39 12 27 22 40 81 35 9 10 48 66 78 43 56 59 11 77 67 8 4 17 23 32 57 16 18 46 29 70 1 2 7 68 58 62 19 3 20 65 37 24 41 49 75 36 54 55 25 15 42 30 47 31 61 69 45 13 44 21 5 64 72 6 63 50 28 79 52 60 38 53 0
16 53 52 54 6 64 62 58 45 5 78 56 67 46 0
28 47 8 39 62 54 29 18 20 5 34 72 9 33 42 70 0
83 69 38 8 35 5 12 50 26 23 14 63 3 0
72 5 19 32 33 48 67 71 2 62 54 77 1 34 41 53 75 76 35 37 49 9 36 24 60 46 27 44 38 73 17 45 68 78 28 51 63 21 43 50 13 14 26 64 59 0
12 55 40 53 5 32 10 24 0
45 39 27 55 81 79 41 15 77 66 46 49 9 51 6 50 21 13 63 1 36 17 45 44 16 53 57 65 23 68 80 72 30 61 29 40 25 52 14 78 28 71 75 11 37 43 34 8 20 56 24 22 7 62 38 19 4 59 69 18 31 70 5 35 67 32 2 48 42 3 10 73 64 76 26 58 74 0
65 47 24 65 52 72 0
69 28 2 29 1 39 9 77 62 44 30 41 68 56 20 48 58 46 52 14 45 59 16 6 63 10 23 66 5 54 18 32 60 53 70 34 13 35 73 26 8 55 3 50 40 61 21 33 12 67 65 43 17 57 25 78 4 47 11 79 72 74 76 42 38 75 19 51 7 27 81 69 80 49 64 36 24 71 0
15 39 73 36 13 61 7 27 37 67 16 66 75 43 50 11 58 22 5 18 9 53 14 76 35 72 19 20 4 30 28 42 56 46 70 8 74 78 3 68 24 69 32 34 2 80 79 54 44 52 0
37 23 65 68 49 31 53 15 79 74 12 0
63 79 16 76 65 53 42 10 67 26 48 0
60 55 22 56 34 15 10 32 19 54 42 1 72 77 81 40 9 80 70 69 45 73 31 18 2 27 49 47 48 23 11 60 63 61 71 0
57 77 56 73 5 24 12 58 41 4 68 71 28 15 44 6 9 29 33 69 59 18 34 36 49 65 50 30 64 75 21 11 80 74 57 2 1 46 16 66 47 79 38 60 48 42 63 81 52 3 20 14 72 35 67 53 10 51 31 26 45 54 27 40 61 37 39 8 25 7 55 22 13 23 17 70 43 78 19 62 32 76 0
10 30 0
87 65 64 81 71 44 22 8 26 34 38 52 36 53 63 12 30 46 68 15 6 48 41 43 1 29 80 49 51 21 20 37 24 31 39 42 66 79 72 33 10 32 75 23 19 76 18 0
94 67 25 9 32 51 36 40 80 18 50 70 65 76 61 62 6 29 23 56 8 42 30 41 3 7 28 27 46 71 10 38 26 34 20 0
7 29 77 23 5 76 67 40 65 14 47 78 25 20 38 12 24 26 39 34 81 9 17 52 15 36 46 48 70 37 33 43 55 59 27 21 66 31 8 75 62 74 10 42 4 13 1 0
85 73 71 30 69 0
13 55 2 68 63 74 31 20 34 33 39 70 64 18 45 51 9 71 22 23 53 43 10 65 5 67 15 3 44 6 54 62 17 19 1 24 38 48 29 57 66 4 26 59 56 46 36 0
80 65 75 52 62 12 43 55 32 31 1 77 58 37 36 39 55 15 47 38 74 94 10 52 53 89 38 3 35 2 22 3 85 33 73 11 96 2 36 67 57 2 24 84 72 98 75 35 34 75 93 95 82 5 67 85 38 65 55 33 27 20 82 30 65 14 54 66 67 31 2 39 47 85 44 98 25 66 22 50 6 
80 15
51 5 1 11 3 7 10 6 12 15 0
52 11 4 13 0
19 14 3 9 8 1 10 2 4 5 12 7 11 0
32 2 5 1 11 7 4 14 0
82 3 7 8 2 12 6 13 15 9 4 0
13 3 13 14 8 1 5 15 9 2 12 7 11 0
1 15 7 8 11 6 4 5 3 2 12 0
3 3 11 12 13 6 9 10 14 1 0
39 13 1 14 8 15 10 12 2 3 0
51 14 7 11 10 13 12 9 0
47 4 12 6 1 0
15 15 9 13 8 14 1 0
36 9 4 10 5 2 14 12 1 0
45 14 5 2 11 7 0
62 1 5 7 9 6 2 11 10 4 0
13 13 0
52 13 5 10 1 3 12 8 4 7 0
8 15 7 4 5 14 1 12 2 6 0
53 8 6 2 12 1 4 15 3 9 10 7 11 5 14 13 0
43 14 1 8 5 0
66 3 4 11 1 15 13 14 6 7 0
51 15 9 7 1 6 4 10 8 13 2 14 5 12 0
29 9 14 8 13 15 4 2 10 0
89 8 6 13 9 14 3 2 10 7 11 0
24 1 8 12 2 9 10 4 0
95 9 6 15 14 4 11 8 0
50 14 5 6 7 9 1 4 12 13 2 10 8 0
86 11 0
76 8 11 9 15 14 2 3 0
1 7 1 9 4 2 14 12 8 5 10 0
72 10 11 4 1 5 8 12 13 6 0
70 4 7 5 8 2 11 0
30 12 9 4 15 11 1 10 7 8 2 14 6 3 5 13 0
97 15 7 6 8 2 11 5 3 9 12 14 4 10 0
7 3 6 7 2 0
91 13 8 0
54 9 2 0
65 4 14 0
76 3 0
4 5 2 6 3 0
37 5 3 13 8 1 4 11 7 6 14 15 12 2 10 9 0
23 1 5 13 0
76 14 13 4 6 5 11 8 9 7 12 0
36 5 10 1 14 4 2 8 6 11 9 12 7 0
35 4 2 1 0
24 11 9 6 14 5 13 3 12 2 8 15 0
75 1 0
5 11 2 13 6 14 5 8 10 3 7 15 4 12 9 1 0
6 9 1 12 3 8 14 7 11 0
11 15 3 1 7 5 10 11 2 0
61 5 7 14 1 0
69 8 7 4 13 3 5 6 9 0
49 1 5 6 14 9 7 0
14 8 12 15 5 4 10 3 14 1 6 2 7 9 0
34 5 2 10 1 14 0
52 7 4 1 5 8 6 3 14 11 2 15 10 12 13 0
1 6 3 7 0
38 12 8 0
59 15 14 11 5 6 1 3 8 12 0
91 5 2 8 1 15 10 11 7 14 0
89 5 10 12 1 2 11 0
28 1 3 5 15 0
98 15 12 9 14 0
2 10 6 14 9 1 15 13 12 0
66 11 10 6 1 14 3 2 0
47 9 3 13 4 11 15 6 8 1 7 2 0
16 8 4 7 0
37 10 14 3 8 11 13 5 2 4 7 6 9 12 0
80 12 9 8 0
48 1 14 2 0
25 7 1 8 13 3 0
54 10 1 14 5 12 9 2 11 0
33 13 15 14 1 11 8 3 10 2 4 6 7 12 5 9 0
46 7 14 9 1 10 8 6 11 0
16 2 4 5 6 0
73 10 3 8 6 2 7 4 13 14 11 9 1 12 0
35 4 7 14 8 12 3 2 15 0
54 9 15 13 10 1 14 5 6 3 4 12 2 8 11 7 0
28 12 9 14 7 4 5 8 1 15 0
27 1 14 5 11 3 7 4 15 12 10 13 0
25 47 2 91 31 73 39 70 14 55 7 65 74 63 14 
18 24
80 17 1 23 12 24 11 8 20 10 0
50 14 13 19 8 18 4 6 16 7 21 0
22 10 22 7 3 11 24 23 9 8 0
37 19 7 10 1 23 16 6 18 20 22 21 13 14 15 11 17 5 4 12 24 8 3 2 0
11 12 1 9 7 13 4 22 11 14 0
44 14 9 7 21 23 18 15 10 1 0
9 17 20 24 8 18 16 11 1 13 7 4 23 5 12 6 2 21 22 9 3 10 14 19 0
63 22 15 13 20 18 1 3 0
50 17 23 18 16 8 13 11 4 0
75 24 4 1 11 20 16 23 7 2 18 12 21 0
14 7 18 2 19 23 14 21 6 17 11 12 10 15 0
1 6 4 1 13 12 24 7 17 22 0
61 7 24 13 22 8 18 9 0
80 5 23 18 10 14 2 3 20 22 1 4 16 7 6 15 13 19 24 11 8 21 12 0
9 8 9 6 14 23 17 20 19 11 2 13 21 1 18 12 4 22 7 5 0
14 23 17 9 6 10 4 8 12 14 5 16 11 20 1 3 18 0
35 3 18 24 7 10 11 22 0
13 22 3 23 24 12 7 9 18 16 6 15 19 5 1 20 11 0
29 48 1 71 61 48 37 64 100 23 47 46 42 8 55 54 32 61 69 78 15 46 88 31 
