6
42 79
90 74 58 76 25 10 7 5 65 75 6 14 2 22 20 79 70 78 48 27 13 15 41 23 39 63 67 62 69 68 35 36 1 19 12 17 72 32 61 40 16 24 45 28 47 54 34 30 77 42 33 29 71 31 8 37 38 11 18 55 43 56 26 52 50 44 57 9 3 0
28 14 72 2 51 3 34 37 28 39 40 33 64 56 0
76 68 37 58 75 25 10 47 76 5 8 69 72 46 9 3 77 0
40 68 40 24 51 26 78 30 47 70 34 73 52 22 66 11 50 55 58 36 13 10 29 31 69 46 6 4 49 0
13 18 79 65 22 36 34 54 35 24 43 30 53 2 59 45 11 68 52 10 41 27 74 50 57 7 4 20 3 5 0
41 57 72 34 39 69 60 41 73 51 13 38 8 30 2 9 74 62 75 61 44 58 15 23 79 11 4 55 18 46 35 6 76 52 66 10 29 16 64 3 45 49 32 36 17 37 31 24 40 19 59 0
54 38 67 39 6 42 36 76 51 73 2 13 8 18 23 47 3 50 53 43 75 35 22 16 17 58 14 55 5 69 20 37 28 65 32 4 70 74 25 7 9 72 26 30 60 54 12 64 19 0
91 60 23 38 45 53 65 25 12 70 46 79 8 7 52 27 64 18 26 49 74 5 54 73 63 32 62 57 2 21 50 61 3 31 16 20 59 72 47 75 11 40 33 1 6 58 39 37 14 55 44 67 10 76 22 29 69 66 17 34 24 0
4 75 10 17 21 70 69 62 3 54 5 25 31 45 33 79 58 63 67 7 38 59 78 30 47 18 77 32 64 22 15 9 19 27 66 51 12 48 28 61 0
88 8 31 14 60 25 27 35 68 0
16 55 66 24 25 62 37 44 76 60 5 47 68 15 0
84 38 33 50 17 34 31 27 71 25 3 15 58 2 14 57 7 6 39 21 44 67 46 60 36 56 41 1 19 78 66 70 51 0
39 64 46 11 73 15 14 54 49 69 2 76 57 19 59 18 24 62 61 26 33 21 63 71 38 12 47 37 48 53 42 35 58 51 68 34 28 56 1 70 23 45 50 30 25 43 60 41 75 27 9 5 7 32 0
93 75 36 60 30 12 65 39 16 23 15 47 1 63 4 51 53 79 11 50 18 49 38 10 70 66 41 48 43 28 9 17 59 19 37 52 67 2 27 76 44 69 64 24 45 0
72 28 20 65 42 40 74 30 31 39 5 50 34 27 2 54 37 49 61 0
29 60 67 32 74 69 14 37 15 72 50 5 22 25 10 57 79 8 40 9 13 2 46 78 27 7 39 42 30 66 12 21 28 59 75 20 71 53 3 56 18 76 45 34 0
74 57 62 20 70 75 32 23 65 26 38 51 63 24 10 64 46 18 36 3 0
8 10 13 64 44 33 55 9 71 77 43 58 29 47 4 51 79 65 28 31 49 26 50 21 22 32 15 53 40 59 60 69 23 45 14 16 46 57 12 73 11 54 19 18 2 0
82 58 20 75 54 2 69 18 53 64 61 51 70 15 44 77 47 27 41 9 7 34 37 35 14 55 59 8 52 28 72 10 23 12 30 67 19 26 31 4 49 17 5 46 24 33 1 74 73 13 63 36 62 79 39 0
68 53 15 23 3 8 27 26 14 46 41 62 11 63 72 51 9 1 35 17 34 67 48 64 52 38 6 43 79 2 56 77 7 12 24 58 20 60 31 49 0
51 24 70 57 28 63 76 19 40 1 55 46 58 52 14 41 5 3 16 53 21 2 69 56 39 7 33 26 44 10 34 38 0
30 16 65 52 39 56 32 46 5 75 61 11 19 76 44 43 62 37 18 72 4 22 13 57 0
43 42 23 26 68 41 28 57 19 24 66 39 56 75 8 2 60 48 50 35 6 58 38 1 17 4 11 72 61 62 31 54 76 63 45 37 9 32 18 29 14 49 71 10 33 27 70 73 43 59 5 44 0
83 15 39 79 62 17 16 64 23 33 31 18 42 71 41 20 10 37 44 60 56 1 4 3 14 43 2 54 50 11 65 53 24 38 63 27 57 7 26 52 35 25 72 68 58 9 21 5 45 12 55 76 34 67 36 13 30 6 19 28 40 29 74 78 75 61 51 49 8 0
84 76 6 68 63 15 32 9 18 66 0
1 1 0
88 55 16 6 31 59 44 35 18 33 48 1 49 15 28 21 34 3 57 77 71 39 26 52 66 53 64 37 41 9 46 13 54 0
45 20 78 51 71 8 49 39 18 54 76 12 77 75 73 2 68 1 26 30 63 43 61 67 31 34 56 29 25 9 66 24 17 69 27 15 33 57 3 70 58 11 36 10 6 14 0
63 53 70 74 2 78 71 64 60 57 26 7 47 17 28 32 66 16 55 21 9 44 58 22 29 23 49 76 65 24 0
65 29 41 19 15 52 54 1 36 67 42 8 66 70 46 69 77 58 14 24 32 62 16 37 4 44 31 76 59 22 20 7 12 60 74 50 68 61 40 13 73 72 45 55 43 10 64 9 2 6 51 3 17 39 63 79 49 57 47 25 0
87 33 31 27 35 1 61 65 75 8 51 18 15 44 70 30 6 77 76 62 54 55 46 38 59 52 56 57 49 22 40 4 2 78 19 24 41 71 5 68 0
97 58 52 35 27 34 76 55 46 31 67 49 33 64 20 5 54 63 66 60 9 6 0
65 24 50 59 45 26 2 11 77 29 43 23 55 21 58 68 33 79 36 8 5 69 61 38 62 37 19 4 49 3 72 10 60 6 1 67 47 7 48 52 40 25 66 35 54 17 74 56 75 46 39 53 13 22 51 16 14 12 34 64 18 30 28 73 31 76 78 65 44 57 32 20 9 27 15 41 63 0
73 52 67 58 29 20 72 27 45 4 55 36 48 64 25 32 19 23 6 51 40 9 22 59 77 50 26 63 14 56 28 21 65 53 5 71 33 61 24 76 10 18 7 49 73 34 70 8 15 78 47 42 68 30 35 12 13 38 60 37 44 54 75 3 41 1 16 17 0
26 68 31 38 56 7 62 16 21 79 67 63 66 51 71 26 8 54 14 75 73 11 2 34 22 35 29 1 64 19 53 61 0
95 28 15 71 77 20 51 64 63 45 21 68 4 34 47 42 72 9 46 3 8 66 17 0
9 55 5 76 7 16 29 9 33 49 43 15 21 13 77 14 17 47 3 18 59 4 79 53 12 10 78 70 61 2 73 24 66 71 27 67 58 35 1 75 46 19 26 51 57 64 20 38 11 40 28 56 63 45 0
84 59 4 45 62 38 51 10 50 44 28 15 65 41 20 21 75 3 69 52 78 36 74 27 79 16 32 13 18 19 23 2 42 73 49 43 9 68 5 70 77 25 76 35 71 37 7 66 24 17 67 55 56 11 39 30 72 60 33 34 6 58 0
63 33 42 18 52 78 38 45 41 46 57 61 39 72 19 9 24 59 15 31 30 56 5 3 34 55 44 28 10 67 22 35 23 47 7 2 71 6 65 29 32 66 62 20 13 48 74 51 0
3 66 23 52 21 76 34 69 10 14 19 20 15 74 26 2 78 72 58 5 63 7 32 57 70 13 4 28 11 33 54 75 37 25 36 24 44 43 65 42 59 79 6 40 35 12 38 9 1 39 77 18 3 62 47 45 46 30 55 71 0
94 37 53 66 56 62 11 50 60 8 63 43 34 41 61 57 27 16 49 44 19 4 17 79 68 30 35 64 33 26 23 3 69 39 54 76 58 6 42 40 65 10 13 72 9 59 48 14 67 75 52 78 71 5 25 18 77 51 32 45 22 36 2 24 73 46 29 15 7 12 0
59 1 36 70 57 24 29 52 54 0
86 10 2 57 89 56 57 30 41 56 56 15 97 96 35 69 25 1 59 39 13 64 71 90 70 19 37 71 11 17 92 88 36 98 19 27 54 72 53 53 79 3 31 75 51 35 69 45 47 8 28 68 17 33 23 26 12 57 57 79 82 2 95 86 23 54 7 48 39 80 28 4 91 50 62 25 60 52 76 
100 1
58 1 0
82 1 0
82 1 0
14 1 0
89 1 0
42 1 0
38 1 0
62 1 0
79 1 0
61 1 0
1 1 0
19 1 0
63 1 0
84 1 0
44 1 0
91 1 0
38 1 0
18 1 0
85 1 0
88 1 0
77 1 0
14 1 0
20 1 0
42 1 0
22 1 0
1 1 0
73 1 0
91 1 0
59 1 0
58 1 0
99 1 0
5 1 0
95 1 0
74 1 0
8 1 0
86 1 0
50 1 0
54 1 0
71 1 0
6 1 0
56 1 0
90 1 0
61 1 0
52 1 0
70 1 0
30 1 0
39 1 0
7 1 0
70 1 0
3 1 0
2 1 0
28 1 0
69 1 0
17 1 0
56 1 0
92 1 0
88 1 0
18 1 0
55 1 0
100 1 0
20 1 0
42 1 0
48 1 0
89 1 0
99 1 0
97 1 0
18 1 0
69 1 0
67 1 0
77 1 0
24 1 0
88 1 0
6 1 0
37 1 0
19 1 0
3 1 0
97 1 0
17 1 0
99 1 0
7 1 0
45 1 0
31 1 0
20 1 0
88 1 0
91 1 0
53 1 0
36 1 0
52 1 0
80 1 0
41 1 0
96 1 0
38 1 0
21 1 0
14 1 0
15 1 0
31 1 0
43 1 0
52 1 0
10 1 0
76 1 0
14 
84 24
58 22 21 23 9 8 5 19 17 14 1 4 15 2 18 24 20 16 3 7 0
91 3 0
48 20 18 8 23 10 11 2 5 3 1 4 7 12 14 24 22 21 15 6 13 19 0
60 24 6 22 23 15 20 2 10 4 11 1 13 5 12 18 17 21 9 0
74 12 18 23 14 17 24 4 0
78 13 9 24 7 2 4 5 3 16 21 23 11 0
69 7 5 8 12 0
91 5 9 3 23 4 18 13 0
46 18 19 0
58 16 4 17 11 2 12 0
88 19 23 13 21 15 11 17 0
59 22 9 6 0
2 18 2 5 6 1 7 12 16 4 0
41 6 7 16 18 23 19 1 13 20 11 0
89 18 7 4 2 3 19 22 6 16 17 11 9 24 1 8 0
86 7 0
46 17 1 5 14 3 9 23 20 15 18 2 16 22 13 12 8 24 0
54 4 24 2 15 12 23 7 16 10 11 17 19 18 21 3 1 14 0
24 17 23 6 7 10 14 13 18 15 11 12 22 24 5 19 8 2 3 16 4 20 0
55 18 4 22 19 20 8 1 3 5 14 10 6 11 2 23 24 7 13 12 15 21 0
36 8 20 19 5 7 9 23 15 1 2 0
26 21 6 18 8 11 24 13 12 15 0
83 24 9 17 2 20 22 10 21 18 7 23 0
83 16 17 14 2 8 3 12 13 9 5 21 24 18 20 15 7 6 11 10 23 19 1 4 22 0
49 2 23 5 14 24 16 22 18 17 21 10 4 3 20 0
32 18 16 15 7 24 23 22 3 2 9 20 17 5 11 8 4 10 21 6 13 14 1 19 12 0
20 5 13 3 15 10 16 7 24 11 2 23 21 4 8 19 6 1 18 9 14 22 12 0
92 23 3 8 19 22 0
42 24 6 8 0
47 7 8 10 22 23 14 6 4 21 11 20 0
18 20 6 15 14 18 22 17 16 19 10 3 24 9 8 4 7 21 1 0
8 1 0
9 21 5 13 7 20 2 16 11 24 17 0
39 7 9 18 0
99 14 5 24 11 7 23 20 0
16 8 16 20 23 3 6 5 4 14 0
73 5 17 16 2 6 7 0
71 15 22 7 8 0
48 21 12 11 15 23 17 5 9 16 1 6 7 22 4 18 20 19 13 24 2 14 8 10 0
52 12 22 8 20 9 1 11 5 7 0
59 1 10 5 19 2 22 13 12 11 15 4 20 6 14 0
81 21 1 12 14 5 0
27 17 10 6 8 3 11 22 16 14 1 12 5 0
63 20 24 15 3 12 21 10 8 13 2 9 1 19 0
90 2 18 24 16 7 14 3 23 9 22 17 4 11 19 15 10 13 1 12 20 0
73 21 2 11 0
92 3 24 7 19 21 9 1 14 10 11 2 22 5 16 0
48 10 4 23 18 1 2 0
87 7 22 3 9 16 23 14 12 18 2 19 13 10 6 11 15 1 8 20 24 0
15 6 8 4 14 5 12 17 3 24 18 2 22 10 9 7 11 13 19 0
52 13 2 9 8 20 5 10 19 1 23 21 22 15 24 14 18 12 16 0
45 3 23 17 10 0
7 3 23 20 5 12 8 24 13 11 14 7 18 4 9 0
64 5 20 21 12 24 2 16 6 23 9 10 0
93 5 10 19 22 4 11 3 23 16 13 9 12 6 24 1 0
77 24 5 13 10 18 9 8 15 21 4 0
26 15 6 21 3 4 16 1 10 22 5 19 8 7 9 0
40 23 20 18 19 22 10 4 15 0
8 3 18 5 16 14 1 7 21 12 9 8 4 0
67 12 22 1 7 14 0
84 10 7 9 2 0
12 13 15 5 3 23 4 20 16 1 2 11 18 7 21 8 9 6 0
24 21 2 24 10 0
47 12 3 21 19 10 24 16 11 14 23 17 9 15 7 22 4 1 20 2 6 18 5 13 8 0
72 1 9 4 19 22 14 7 3 12 17 8 5 18 20 6 10 21 11 24 23 2 13 0
30 21 14 1 2 10 23 3 11 17 18 6 12 8 13 0
73 23 14 19 22 0
41 16 2 14 13 17 4 24 15 10 19 7 9 6 20 21 0
56 7 15 16 3 4 21 20 18 10 5 11 2 9 0
82 15 21 7 10 9 13 8 6 23 22 3 4 1 18 12 11 24 19 0
96 4 18 8 19 7 23 11 22 2 1 6 16 15 21 12 20 17 9 14 0
44 2 20 0
92 23 13 4 5 20 11 6 17 16 9 7 10 12 19 2 3 24 1 8 18 22 0
100 3 14 15 9 1 12 10 17 5 19 13 23 24 8 18 6 2 22 21 4 7 20 0
82 6 9 0
8 1 19 4 10 11 14 23 3 17 16 22 0
99 14 6 1 24 3 15 2 5 0
7 14 24 23 9 10 22 18 5 20 2 1 8 12 6 17 0
27 10 21 11 20 0
45 4 16 24 18 8 19 23 15 7 6 3 21 17 2 22 11 12 9 0
57 9 8 22 21 15 13 12 17 11 10 18 6 3 0
35 21 1 16 13 14 24 3 4 18 15 9 7 20 10 2 17 12 22 5 8 0
56 10 0
11 10 24 19 6 4 8 0
61 28 2 27 53 12 6 67 74 17 69 82 71 62 89 22 62 31 29 3 94 30 67 38 
11 47
95 40 33 47 8 32 42 39 12 23 13 24 28 19 7 10 38 45 3 22 29 35 0
3 27 4 21 23 37 46 28 33 22 16 18 24 29 25 31 19 47 14 36 1 43 7 40 35 8 5 41 20 30 34 13 32 9 3 26 39 10 44 42 15 38 6 17 12 2 11 45 0
3 17 47 4 19 46 6 25 36 29 18 21 1 20 43 33 16 39 12 0
69 1 34 39 42 41 16 20 31 43 36 45 10 9 32 24 23 38 28 27 6 29 44 47 40 30 0
8 24 15 47 42 22 30 45 20 9 36 34 26 21 18 38 44 17 7 3 14 5 16 27 29 25 2 37 19 32 43 23 33 10 4 0
83 22 32 24 8 33 30 9 28 34 31 37 5 17 12 0
96 47 14 3 43 39 32 27 44 25 18 28 7 31 34 35 17 16 20 22 29 33 23 36 4 15 21 11 9 30 5 46 37 8 12 19 2 1 42 24 13 45 41 10 26 6 38 40 0
39 6 26 35 23 36 39 24 8 4 12 38 13 14 45 37 32 11 15 21 0
85 46 1 19 17 39 30 0
71 45 11 19 3 20 4 40 27 13 21 8 18 9 28 5 7 10 34 22 38 35 0
79 39 24 11 21 43 30 22 15 35 13 9 41 38 45 32 20 16 0
50 69 13 12 90 73 14 66 49 67 47 62 83 92 78 14 42 30 48 18 55 19 69 67 38 95 31 24 99 56 38 6 39 22 70 95 29 82 93 77 10 73 2 68 21 14 31 
49 47
44 21 30 32 20 36 43 37 4 34 1 10 15 35 47 33 16 2 25 19 28 23 18 40 7 46 42 26 24 6 31 17 3 22 44 29 38 11 5 27 14 41 39 12 8 9 45 13 0
12 3 43 24 15 17 25 4 26 2 22 47 38 11 45 20 31 13 36 40 39 8 7 34 33 37 46 5 0
75 30 10 29 20 17 45 27 26 46 21 11 2 13 47 19 32 42 36 38 1 16 44 24 0
51 27 39 30 46 47 23 25 29 33 11 18 44 41 20 21 45 0
85 43 17 44 26 0
86 26 40 6 30 36 41 7 35 14 2 18 33 23 25 11 39 42 13 3 29 28 0
100 27 46 12 6 26 1 42 32 37 14 38 20 15 25 4 31 23 34 18 45 11 16 28 33 30 17 2 22 29 13 0
6 25 24 45 3 4 12 20 13 28 11 36 23 39 43 40 37 32 19 31 0
42 34 12 5 37 45 30 26 44 4 19 23 9 2 1 27 39 3 38 41 11 35 46 47 40 21 8 33 10 32 0
27 11 30 1 9 41 4 22 5 37 25 33 45 17 21 19 38 28 18 40 29 46 34 26 2 15 3 12 42 35 47 43 39 31 8 7 24 44 14 20 0
77 27 28 36 34 43 0
73 32 4 9 24 18 34 26 23 2 36 6 20 21 27 45 31 0
2 31 33 13 47 1 2 39 14 44 43 22 10 6 28 0
14 28 46 3 43 40 33 39 22 25 41 11 34 16 20 45 4 18 31 0
78 11 44 39 33 35 46 14 30 24 1 41 8 31 21 47 42 5 23 27 40 26 22 37 17 28 18 25 45 36 16 12 7 10 6 43 0
68 46 2 0
3 39 15 1 31 7 42 43 32 30 41 28 27 17 5 40 8 29 16 26 2 33 6 38 9 46 45 37 25 36 19 12 34 10 14 20 44 21 47 4 35 11 3 0
98 23 32 47 15 18 17 21 26 4 39 1 16 2 44 6 31 33 5 37 27 30 28 42 7 35 11 45 36 24 40 38 3 12 43 41 14 0
51 43 19 1 44 40 36 35 39 2 9 18 42 6 23 7 13 32 22 8 41 4 31 30 21 16 27 47 26 17 28 0
22 29 40 44 10 45 42 32 35 0
77 36 33 40 41 22 18 35 27 39 8 42 37 32 43 47 24 4 20 30 15 25 28 14 1 45 5 7 38 0
55 1 12 7 5 18 40 16 45 29 32 46 24 41 0
59 5 3 7 16 40 14 30 42 43 17 11 9 12 6 25 13 41 32 24 47 23 38 1 27 4 10 22 46 36 8 37 15 18 31 2 0
78 47 41 30 7 14 27 29 2 42 32 35 43 46 28 4 20 39 18 19 0
3 36 16 25 7 3 22 5 39 34 47 4 17 44 1 13 38 45 31 27 35 20 18 46 15 43 32 9 0
24 1 31 42 30 10 33 46 17 34 3 19 32 47 27 7 0
70 6 14 22 11 4 26 27 3 30 39 15 20 0
32 32 46 40 4 26 1 7 30 31 36 27 17 25 16 8 15 11 18 38 33 10 43 5 45 19 34 21 37 6 14 13 12 29 24 3 47 9 35 2 20 28 39 22 41 42 44 0
28 12 31 21 27 1 18 13 6 37 34 41 19 45 3 43 46 28 42 30 17 25 9 24 22 16 14 4 40 26 33 15 8 23 7 36 5 20 44 10 2 11 39 47 0
31 32 23 33 37 11 13 6 38 12 7 22 45 47 41 31 1 29 36 19 8 26 21 16 34 4 2 15 10 40 9 27 20 43 18 42 30 25 24 0
74 42 33 10 31 8 20 41 13 7 23 21 39 47 0
46 43 7 12 26 40 13 5 11 9 31 15 38 21 1 6 25 36 0
10 9 3 4 42 19 1 6 23 28 43 21 26 25 2 10 13 8 17 47 39 29 38 12 15 40 7 16 35 41 45 46 31 44 14 22 37 36 34 32 20 24 30 11 0
2 9 2 6 11 47 30 4 22 16 32 13 10 27 39 14 45 19 44 7 43 28 25 15 21 1 20 42 0
28 5 10 18 22 20 24 12 9 7 2 1 39 4 27 23 25 44 26 38 13 46 15 35 19 33 29 43 31 0
28 8 13 40 27 25 29 47 45 0
94 25 10 9 7 40 0
67 26 36 4 34 5 16 30 7 0
79 41 19 21 39 13 33 16 37 7 26 40 38 5 6 11 17 4 23 31 36 47 0
4 4 22 39 16 14 0
67 9 31 24 37 30 46 22 36 21 28 1 45 13 25 5 16 29 14 34 0
64 42 24 40 34 39 18 14 28 29 37 32 4 46 20 22 1 17 44 36 13 33 26 27 41 45 25 9 6 7 2 43 3 19 15 0
87 22 31 4 16 7 45 19 11 32 25 5 41 40 44 9 34 14 24 46 30 13 26 1 43 39 6 38 37 42 3 10 17 18 35 28 29 8 47 27 23 12 36 0
7 12 1 28 14 23 18 13 46 34 41 21 5 8 24 30 42 35 2 19 6 0
34 35 22 5 38 33 18 26 19 47 40 17 29 3 11 23 8 31 4 45 21 9 10 0
4 26 0
34 45 14 40 7 4 41 33 1 34 38 13 31 30 11 27 39 20 36 25 19 35 16 12 28 23 18 5 6 10 44 9 17 46 15 42 0
80 10 7 8 13 16 47 30 33 17 14 32 20 21 15 5 0
83 10 16 35 24 45 7 39 30 46 12 19 43 34 1 33 29 14 6 47 11 36 31 23 44 26 21 27 5 0
96 45 83 76 36 3 16 74 48 64 58 30 40 53 77 84 24 93 21 21 27 63 29 42 24 14 26 66 42 50 20 47 20 75 88 36 32 25 26 50 87 78 89 81 5 32 41 
3 97
60 28 30 94 60 4 36 61 66 53 22 50 3 21 89 41 33 91 49 18 96 85 71 35 39 87 25 32 38 31 69 20 78 64 68 72 81 51 47 29 15 27 48 23 58 57 8 74 45 92 40 90 46 17 63 65 97 44 1 34 88 86 11 77 56 75 26 12 62 13 70 10 83 80 54 7 0
49 15 45 43 36 77 0
94 1 17 63 97 56 37 75 55 59 49 53 91 21 44 27 57 74 28 2 30 0
87 50 43 65 28 91 28 42 97 27 39 65 52 47 56 38 4 99 20 42 14 89 32 94 86 99 24 63 81 65 49 25 97 58 19 51 56 84 47 48 100 98 10 47 82 17 70 51 6 11 73 41 86 36 30 59 23 13 87 62 1 34 28 19 21 46 37 5 35 26 8 82 4 90 67 7 90 27 33 60 2 62 35 64 51 71 67 33 41 14 57 76 2 93 84 20 80 
