5
65 23
36 8 3 23 6 10 0
88 12 23 11 14 7 18 0
94 13 20 7 19 10 22 17 23 2 5 8 14 16 18 0
41 22 5 21 16 9 0
5 8 15 3 0
11 7 22 19 10 23 4 2 11 17 9 21 14 13 3 6 8 1 12 18 16 5 0
46 3 0
6 6 8 18 21 0
76 19 4 10 18 1 16 17 13 21 22 0
9 14 20 8 0
31 5 11 23 9 17 1 21 6 2 15 16 8 4 13 10 22 19 18 3 7 14 20 12 0
35 8 1 14 19 10 0
86 20 23 17 10 18 2 13 16 5 1 8 3 4 6 14 12 22 15 9 0
12 13 1 19 2 0
30 22 18 1 21 4 20 12 19 23 11 8 13 5 7 9 3 16 10 0
97 12 13 14 22 3 5 23 9 21 4 20 6 1 2 0
2 12 7 10 2 23 16 14 11 3 4 18 17 13 19 0
40 3 6 15 16 1 12 14 8 9 11 18 22 17 7 0
17 7 22 20 10 19 2 0
29 4 7 11 15 1 2 19 14 0
54 4 3 12 22 2 14 17 1 10 16 9 21 7 15 11 0
21 6 21 15 5 0
71 6 12 5 13 7 19 8 2 11 18 10 21 14 4 22 15 0
12 18 9 10 21 1 7 20 16 0
100 17 10 9 18 7 3 12 16 21 13 23 5 20 8 1 11 2 14 4 6 15 19 22 0
49 14 20 10 8 1 18 21 22 7 0
72 6 8 19 17 11 2 15 3 13 22 18 5 10 12 23 21 9 14 4 16 20 7 1 0
79 3 4 21 19 2 14 22 0
60 10 15 1 3 5 8 13 21 0
58 6 3 22 19 1 17 15 11 7 18 20 16 8 14 23 0
78 11 16 17 12 19 13 2 9 20 22 18 10 0
21 16 1 0
51 13 21 10 20 11 9 2 3 0
85 10 13 14 18 5 8 15 21 3 2 17 16 9 12 4 23 20 11 19 0
85 12 20 18 7 13 23 22 6 3 1 5 21 0
98 9 19 16 3 21 1 10 15 20 5 12 4 6 23 2 18 8 17 7 22 14 0
47 20 22 1 13 0
63 13 9 23 7 11 1 17 3 22 5 14 4 2 21 12 0
69 7 16 22 15 4 1 12 23 10 6 8 18 21 20 11 5 13 2 17 0
97 10 14 6 3 17 21 9 2 20 15 13 16 0
46 20 15 22 10 7 0
45 19 16 1 7 15 5 17 11 14 12 21 23 3 10 13 20 18 22 2 0
89 11 22 2 14 3 13 15 5 12 9 21 0
75 7 20 22 13 3 10 15 12 23 2 4 5 11 18 19 6 0
44 5 18 13 2 3 14 22 20 7 19 8 17 16 12 15 4 10 11 1 6 0
55 11 8 7 14 21 12 17 2 0
17 7 6 3 9 15 13 0
58 18 17 0
48 13 11 3 5 2 21 15 6 0
3 12 23 20 3 2 19 11 8 15 13 0
85 16 22 4 14 21 10 3 1 20 7 9 12 6 13 17 18 8 19 23 11 0
18 7 17 11 15 16 3 1 4 2 5 19 20 9 13 22 10 6 8 21 14 0
82 14 2 17 12 21 22 20 18 0
28 12 23 15 21 17 13 2 9 11 1 10 22 6 16 3 20 7 4 14 19 8 0
34 4 11 23 6 18 14 22 7 1 5 13 20 19 8 10 9 2 16 21 3 17 12 15 0
8 4 21 3 14 19 2 8 22 18 6 0
82 22 15 6 23 11 17 13 4 5 18 20 10 3 9 8 12 1 19 16 0
75 15 3 12 11 22 6 13 2 23 1 19 10 21 7 9 20 8 4 0
24 22 23 14 21 0
71 8 17 18 5 10 19 14 4 12 13 16 3 9 23 7 2 1 6 15 21 0
77 2 0
54 22 7 15 20 4 9 0
30 10 11 6 18 2 8 23 22 15 0
64 11 6 1 15 19 22 17 18 8 12 20 16 4 9 21 13 0
89 9 12 14 3 20 21 15 11 17 18 23 6 19 2 22 13 8 5 1 16 4 7 0
99 69 59 74 52 1 64 94 31 66 21 27 17 24 96 58 96 67 16 17 33 6 46 
28 99
4 13 99 34 31 35 5 95 25 81 94 11 24 56 22 59 4 98 54 76 75 57 50 70 67 71 77 19 72 2 30 43 21 46 6 65 37 12 62 61 10 86 28 23 68 82 83 78 49 9 27 48 44 17 79 97 84 66 88 3 87 15 7 89 51 29 41 96 69 39 42 92 80 74 36 93 32 14 1 53 0
51 41 79 22 1 83 20 55 80 85 43 51 9 82 81 65 44 90 99 18 4 46 3 86 45 92 32 61 96 42 33 8 91 0
46 27 18 7 51 59 33 54 45 50 24 25 31 14 19 32 93 90 55 46 34 85 47 74 13 15 92 49 22 88 53 58 30 0
38 49 5 43 36 95 54 73 82 53 93 14 97 81 60 66 70 47 96 24 61 21 88 33 3 16 11 83 92 2 99 58 78 4 10 6 57 87 74 23 68 46 9 50 91 56 45 59 18 1 0
31 61 50 2 74 78 14 51 6 18 72 41 49 4 21 27 81 3 67 92 69 8 73 43 5 64 35 36 1 29 57 38 22 94 44 97 40 66 65 47 79 9 25 71 56 55 75 68 88 90 52 98 37 45 24 31 99 33 39 34 58 32 23 10 84 30 16 48 0
30 40 66 26 16 44 96 74 35 18 86 53 27 37 12 99 62 42 5 17 56 45 55 30 28 6 93 11 46 51 32 63 22 0
99 39 66 10 41 24 97 3 87 37 12 52 78 68 29 98 62 19 56 33 40 7 85 50 2 43 72 64 35 28 89 84 1 21 53 59 80 46 9 93 4 70 96 67 76 0
35 3 88 48 11 44 4 35 94 73 60 77 15 36 9 95 37 12 43 70 7 55 57 87 82 84 52 97 66 39 51 78 69 90 85 2 86 41 92 46 29 25 61 74 81 54 6 5 71 59 24 0
69 64 37 12 67 34 28 99 43 62 90 93 38 45 57 74 70 71 55 30 6 2 52 20 92 75 72 60 86 16 76 81 8 78 95 89 18 63 51 61 25 79 46 49 31 21 9 53 80 39 48 27 91 4 68 13 44 66 73 47 97 24 11 85 40 1 23 87 54 7 98 29 10 41 58 83 3 32 22 14 50 56 0
85 1 3 28 60 98 52 14 33 11 72 48 39 64 76 59 25 91 69 51 57 84 45 12 93 71 24 6 20 58 97 61 30 90 40 62 17 55 0
17 80 50 83 51 1 48 61 85 71 10 69 41 93 20 95 45 87 14 33 4 96 47 7 57 29 66 99 3 94 42 81 15 21 49 89 52 2 38 43 22 6 76 12 27 78 79 9 56 24 35 17 8 46 25 44 84 97 0
93 6 14 40 49 95 56 59 93 20 42 69 78 39 1 41 63 98 72 11 96 60 82 58 18 4 44 67 30 15 7 94 70 10 45 46 51 57 55 28 21 8 76 26 85 86 91 65 75 83 36 71 68 24 23 47 50 74 87 88 54 61 89 43 2 53 32 31 90 33 37 64 62 29 35 48 9 27 22 5 81 25 80 79 73 17 66 38 19 3 16 77 0
52 71 67 57 49 63 23 76 17 53 48 83 78 60 64 92 58 55 25 42 77 54 85 45 33 38 82 90 4 61 59 37 84 62 19 65 75 73 22 98 16 97 96 26 30 27 89 70 94 40 29 1 93 28 52 3 41 81 47 44 15 99 0
36 87 66 40 84 98 10 73 62 92 63 33 77 72 57 16 85 38 46 14 23 47 9 32 13 95 82 51 22 0
52 2 43 96 6 56 8 37 79 54 47 12 89 52 68 66 1 55 11 84 71 39 31 60 44 90 4 20 33 70 13 95 57 87 32 94 80 69 85 62 5 16 53 74 45 98 49 41 91 30 17 3 67 29 86 28 76 15 82 88 78 40 38 93 97 48 35 18 27 34 65 81 92 61 72 58 14 21 64 99 63 25 23 73 7 22 42 59 26 24 9 51 75 83 10 36 46 77 19 50 0
83 95 94 50 59 6 86 16 72 55 65 54 35 75 15 42 93 1 51 53 47 29 0
40 91 23 87 64 14 24 4 31 89 17 21 13 82 96 58 97 57 0
32 66 34 68 60 22 25 11 46 82 12 58 19 85 41 62 23 79 3 27 0
21 16 54 72 14 89 33 35 21 59 15 36 68 50 85 25 20 41 42 95 44 77 80 2 81 48 93 71 78 39 69 97 53 28 56 19 27 43 58 96 23 91 1 79 37 12 40 98 90 63 64 74 62 38 70 26 11 51 13 94 4 34 8 22 6 46 10 82 75 49 88 83 65 5 31 24 52 7 66 84 92 86 9 0
14 37 64 21 40 51 60 15 6 76 19 71 13 0
97 36 15 23 41 78 76 38 70 4 22 47 98 45 6 68 77 95 51 63 30 86 81 26 49 97 93 19 87 59 48 39 1 67 83 94 16 10 21 92 31 64 65 79 74 85 5 90 24 29 82 75 71 96 3 13 40 50 33 73 58 91 27 52 54 99 60 42 80 7 55 66 62 56 9 37 57 14 35 17 46 43 28 69 20 18 2 88 44 84 53 8 61 34 0
89 76 59 78 63 13 22 64 99 48 43 1 65 12 69 52 0
28 97 62 32 41 35 99 65 42 87 93 95 3 46 55 70 23 73 57 72 47 40 8 11 13 49 24 64 38 27 63 22 89 45 1 15 36 2 25 34 71 76 80 6 96 92 29 58 61 18 69 44 50 56 19 68 26 21 48 52 86 75 0
60 84 57 89 79 91 26 98 59 88 55 67 17 92 24 31 21 29 74 97 63 7 32 3 45 22 30 78 95 82 69 43 12 93 80 9 51 1 20 8 60 96 68 41 11 66 54 33 2 53 34 49 14 39 6 56 62 23 40 50 52 72 71 42 19 83 47 27 64 75 13 0
92 98 97 86 72 11 33 42 44 20 88 24 59 93 16 84 92 5 82 6 15 50 2 77 96 38 60 73 70 48 75 94 37 47 40 39 19 52 68 76 14 69 54 30 1 26 7 31 35 10 27 4 21 71 57 46 90 62 61 28 9 53 56 81 51 87 58 32 13 95 65 41 91 79 0
57 32 90 5 26 24 46 64 74 30 31 98 17 56 19 61 96 13 2 45 60 7 65 69 1 49 70 15 80 0
86 6 18 57 11 17 63 12 8 10 31 4 39 5 20 99 67 44 22 70 33 87 25 26 2 15 89 14 55 54 48 80 28 41 30 43 82 1 0
44 35 33 50 8 40 83 17 42 86 31 2 97 14 32 67 16 20 55 58 91 87 0
19 86 20 36 21 84 11 28 42 74 23 59 5 20 45 46 92 15 72 89 27 84 16 19 22 55 99 86 73 72 7 91 5 41 68 81 68 8 42 11 33 92 86 50 70 34 66 31 42 71 35 45 38 90 43 43 26 43 26 85 24 1 60 31 56 84 60 17 26 15 87 93 24 27 80 98 39 78 2 27 53 25 78 47 9 64 15 74 26 91 88 52 59 16 45 1 94 16 72 
13 83
94 67 29 49 37 33 23 18 31 40 0
54 31 46 17 14 12 36 19 21 75 22 64 10 59 8 38 55 61 49 66 18 34 43 9 44 76 23 57 24 50 71 3 51 52 35 39 13 70 78 62 42 4 81 47 29 68 28 45 15 69 7 2 56 5 65 11 58 73 60 40 80 25 27 79 16 33 48 26 67 1 53 77 72 30 41 0
54 51 12 2 47 4 21 14 80 52 82 45 73 62 35 30 41 71 42 11 46 29 81 24 60 75 54 40 9 3 20 74 55 7 72 17 23 5 18 6 15 22 19 10 25 66 32 36 83 64 65 26 50 69 38 16 8 31 13 68 77 53 34 48 49 79 56 78 61 39 57 1 67 28 58 27 43 63 70 0
34 37 73 18 52 8 80 40 7 5 31 4 83 69 76 9 62 43 51 79 48 74 65 16 0
81 74 48 62 81 54 51 12 3 7 80 28 50 35 63 57 44 39 18 29 2 75 30 14 77 65 61 11 83 22 78 73 20 55 49 33 13 25 6 71 41 72 60 67 19 64 59 16 47 10 43 27 31 32 38 4 1 17 5 58 37 8 36 70 9 66 53 56 21 34 26 52 42 46 68 69 76 45 24 0
39 54 32 40 59 76 81 53 34 80 67 56 26 31 9 1 55 50 33 83 19 0
11 38 48 24 43 41 39 7 20 4 52 70 14 73 21 8 68 27 45 65 79 11 23 80 76 31 42 66 61 18 49 81 50 60 72 57 6 62 25 13 71 32 16 28 2 77 58 46 74 36 30 67 19 78 12 82 59 40 83 37 34 15 29 1 5 0
96 55 62 4 33 45 34 78 83 63 24 17 19 35 52 59 12 64 76 48 61 10 60 54 56 38 67 25 5 1 70 74 23 39 20 46 41 44 18 15 28 50 26 11 9 79 77 57 66 71 42 32 31 21 75 72 16 37 8 80 0
94 36 46 24 81 76 83 18 78 69 49 51 75 14 56 57 77 52 38 23 26 11 19 53 28 33 9 72 2 67 44 55 70 3 6 4 20 43 1 30 80 10 54 61 32 45 50 35 63 39 7 47 17 21 42 48 25 13 0
66 73 41 6 14 47 26 40 36 20 29 61 18 32 31 72 79 51 23 54 60 10 30 39 76 35 37 9 63 80 69 17 52 4 33 58 45 81 16 44 34 67 2 42 48 11 43 62 78 24 53 25 7 19 57 38 74 66 83 12 64 3 71 55 59 21 22 65 46 5 27 75 1 0
79 67 33 30 75 78 10 56 14 76 51 19 18 36 7 40 0
10 46 48 24 21 67 66 52 1 40 5 36 6 30 63 53 0
70 44 29 46 58 49 22 23 73 7 63 32 43 75 51 42 1 83 79 40 20 2 77 35 3 60 70 0
49 67 36 33 13 14 42 38 54 96 24 71 77 89 15 60 52 57 24 65 15 81 87 80 39 92 10 66 24 20 27 87 88 99 27 85 77 47 44 42 55 69 9 55 58 21 48 36 95 15 37 72 76 32 29 51 85 49 50 51 28 99 37 47 76 26 55 27 30 11 24 39 68 83 37 66 10 46 85 83 86 44 95 
65 67
43 40 49 23 58 64 31 66 57 65 10 7 12 28 45 38 61 25 13 41 50 16 27 67 18 4 1 29 46 62 19 21 35 53 55 52 48 36 33 54 60 0
40 32 49 36 3 0
61 53 27 48 43 12 46 4 21 19 58 39 50 32 15 37 40 28 33 38 59 63 22 25 2 26 8 51 1 57 24 47 52 3 56 54 49 61 36 17 62 45 16 5 0
21 57 31 9 63 27 62 12 46 8 43 56 66 22 54 0
94 51 9 52 27 8 29 42 5 53 22 36 61 45 48 46 18 14 11 50 31 63 23 62 35 56 3 1 44 33 49 57 7 34 13 21 65 19 28 58 54 24 37 59 47 66 64 2 16 67 26 0
26 37 22 21 28 49 62 1 11 25 31 61 52 4 67 26 3 13 56 42 40 58 16 9 47 45 36 7 50 19 43 65 48 30 17 20 64 0
49 4 16 19 46 43 62 11 13 66 39 6 18 26 2 37 9 23 53 7 24 60 44 45 35 21 31 28 3 22 41 50 17 65 61 27 58 38 55 0
5 56 12 38 35 45 21 63 14 2 23 64 27 61 55 22 30 51 57 66 42 31 29 39 4 44 59 40 10 43 1 46 17 25 67 7 53 13 19 6 3 65 58 60 8 5 18 47 49 15 52 0
87 46 2 6 34 9 49 61 22 56 1 10 42 18 14 62 26 64 66 27 0
39 29 7 32 9 62 33 52 64 16 49 63 23 24 53 34 43 5 58 0
66 5 14 23 1 26 6 35 64 7 38 30 15 37 60 51 28 16 32 56 43 42 46 55 21 10 0
41 28 42 15 44 25 46 7 5 40 29 67 34 13 51 43 35 45 55 8 1 37 63 26 38 48 36 27 9 20 4 30 18 11 19 0
19 57 33 60 1 12 43 58 34 39 50 56 18 65 13 5 31 62 29 36 9 11 67 27 63 42 16 44 19 6 46 66 26 59 48 52 14 21 23 17 55 49 54 20 8 2 4 53 28 38 30 64 10 25 47 51 3 0
18 24 31 61 7 38 37 47 8 49 5 51 10 36 34 9 32 23 55 30 11 42 14 21 40 56 41 53 39 26 64 58 0
72 58 31 41 60 49 29 28 19 17 37 64 45 2 7 8 18 57 65 39 1 42 66 16 47 63 30 56 26 22 44 50 59 11 43 51 9 33 55 13 62 25 40 67 52 24 6 54 36 10 34 32 20 46 48 53 3 61 15 21 12 0
16 23 16 34 18 43 30 66 56 48 47 32 46 24 25 21 58 22 64 3 7 62 63 27 55 67 15 40 45 29 42 6 19 35 36 54 57 65 33 14 5 28 41 9 11 2 60 37 8 39 17 31 53 26 51 49 4 50 38 20 59 52 12 13 44 10 0
93 50 46 0
57 21 23 60 47 50 40 53 3 16 24 20 63 43 42 28 65 41 39 59 54 2 29 7 58 32 64 9 13 52 49 8 67 15 37 11 44 5 35 45 4 55 51 30 27 19 57 1 0
79 1 24 0
29 64 31 19 11 41 50 13 53 61 14 30 43 20 22 66 57 44 54 5 8 3 60 34 29 49 4 55 7 9 0
92 5 43 56 49 22 11 58 28 34 61 67 64 14 46 6 31 62 39 18 59 47 12 9 45 20 37 40 44 38 0
40 9 10 22 28 60 54 46 20 35 24 34 59 0
99 60 55 63 42 19 34 49 9 11 12 53 24 47 62 29 5 65 25 31 10 22 35 2 15 27 28 30 66 50 45 0
86 20 18 25 59 16 66 44 13 38 6 1 57 9 22 64 17 29 39 54 36 7 2 60 4 49 51 28 47 50 62 43 37 35 0
35 28 67 58 65 54 45 24 13 56 17 22 59 33 39 23 47 53 18 61 50 11 60 34 3 21 26 10 32 41 46 9 57 25 4 52 14 49 27 64 42 55 19 51 38 1 43 36 63 35 30 44 37 40 20 31 6 2 62 66 0
2 44 15 19 41 13 31 60 0
32 33 42 20 14 36 63 1 0
27 54 30 65 34 16 48 3 51 36 58 32 57 66 13 60 67 0
14 23 5 27 0
48 45 48 18 20 36 63 54 1 28 8 17 59 65 3 6 9 43 55 40 42 16 34 23 51 37 4 31 41 15 38 19 5 24 11 62 26 50 27 10 60 67 30 25 49 47 61 52 53 12 57 64 32 39 44 7 66 35 21 13 29 2 33 0
19 31 3 10 67 62 13 43 34 17 53 9 49 48 0
100 4 28 67 59 24 63 30 44 1 61 18 14 39 3 55 9 56 7 25 32 41 51 65 31 22 33 54 5 49 53 62 37 47 64 6 42 43 23 35 60 45 29 52 27 58 21 46 57 38 15 0
46 47 66 18 63 60 28 13 53 62 9 7 6 41 57 44 65 8 23 35 30 10 26 12 11 64 45 1 38 5 14 3 31 29 56 17 61 34 20 25 19 58 15 39 50 2 24 0
69 21 29 38 67 26 64 39 28 50 60 6 20 41 10 36 3 11 37 63 51 31 53 40 4 32 59 1 52 24 2 15 62 12 18 5 30 66 55 14 34 44 13 27 17 22 35 7 46 65 19 23 0
16 48 44 56 43 60 9 45 38 39 5 46 62 23 32 58 24 21 57 59 25 30 10 64 22 17 52 63 15 4 40 12 37 28 49 29 35 33 20 19 42 67 36 66 61 31 54 26 16 14 8 55 18 2 50 34 3 11 7 41 47 6 51 65 27 53 13 0
55 40 10 54 11 24 35 61 31 51 25 46 13 58 3 37 32 26 50 49 0
88 29 42 64 36 67 49 65 59 45 50 5 9 19 13 63 51 46 40 3 18 34 23 16 24 1 28 20 61 0
7 33 55 62 22 28 2 15 63 54 13 51 10 9 38 37 27 35 41 50 65 39 61 3 17 11 36 19 24 60 43 44 21 57 25 40 42 64 16 46 56 45 26 7 0
39 60 11 30 5 66 41 40 45 16 57 25 39 14 18 59 58 33 36 37 61 46 3 42 44 9 4 23 12 28 21 65 64 47 24 19 10 48 17 50 34 56 49 51 26 22 0
26 53 39 43 32 17 58 14 3 33 62 63 12 50 61 0
11 15 31 8 46 64 27 7 13 39 34 65 50 43 1 20 53 10 38 16 60 12 22 62 5 9 17 19 45 66 54 3 63 0
41 61 52 32 67 17 24 63 14 50 51 5 33 18 0
53 51 59 7 26 9 41 25 29 63 19 5 62 57 46 45 64 61 17 27 4 6 34 8 16 24 56 36 1 32 65 33 0
93 15 55 44 54 16 51 4 53 28 9 39 25 45 11 27 60 47 57 38 30 67 42 65 23 31 8 20 37 6 56 2 66 24 43 35 61 50 5 36 62 32 26 7 3 12 21 49 46 34 48 33 17 29 1 14 63 59 19 64 58 40 0
11 40 64 26 53 15 54 60 43 49 13 29 56 66 52 32 10 55 39 3 44 59 38 6 12 7 57 48 61 51 9 27 22 25 58 23 42 34 11 17 20 0
9 3 54 51 42 64 16 24 59 43 5 47 12 36 60 66 55 13 10 2 62 63 28 41 9 38 34 15 45 65 49 11 19 40 53 58 6 14 0
63 41 2 66 9 19 57 20 22 53 44 46 40 49 50 1 17 35 25 55 8 14 6 67 37 32 12 63 5 51 61 42 13 36 31 39 27 3 34 24 4 43 16 48 45 58 56 64 52 7 18 65 47 26 59 62 60 30 38 15 10 11 33 29 54 21 23 0
22 1 67 8 52 5 60 51 10 39 64 36 15 53 3 58 41 37 29 35 63 30 26 32 34 12 19 2 38 45 28 65 49 66 27 23 13 9 47 40 21 44 6 57 4 43 11 55 54 0
82 10 31 19 64 16 40 5 66 0
16 49 34 61 6 5 8 20 15 1 33 17 56 43 35 51 26 18 57 46 50 44 3 40 9 30 39 0
70 27 37 60 5 28 32 2 46 34 38 20 13 41 51 9 43 64 40 26 17 6 18 8 22 12 0
46 30 44 8 18 22 49 48 33 51 14 17 47 39 20 42 66 32 1 29 28 24 35 57 16 25 45 21 5 13 46 31 56 36 50 15 65 23 10 63 7 52 59 26 62 38 37 41 43 4 58 2 3 67 0
96 66 22 57 6 5 58 28 55 39 3 60 34 42 48 59 43 8 51 37 63 20 38 46 32 29 2 30 49 24 10 18 7 35 4 41 1 40 23 25 17 54 21 56 47 0
27 31 20 58 63 15 26 8 36 29 24 22 65 28 32 46 6 61 27 12 0
80 57 29 33 38 48 21 50 34 52 25 59 14 26 62 64 20 43 12 44 7 24 16 41 32 36 58 10 8 22 61 28 45 9 51 6 60 3 17 18 23 56 4 42 30 27 5 65 53 66 0
77 18 19 22 44 29 23 15 40 62 25 35 11 27 51 31 65 58 67 47 34 24 12 16 14 54 56 59 17 52 10 49 48 4 45 42 41 7 50 9 63 38 46 13 2 26 32 28 60 64 1 55 33 8 36 66 5 3 53 39 6 61 37 57 21 0
66 48 27 53 46 4 22 33 20 12 55 43 41 62 67 26 34 54 3 63 61 64 25 16 11 51 6 47 31 29 24 7 52 35 49 32 13 0
64 23 18 10 59 2 61 43 38 58 3 19 7 40 14 28 20 57 37 36 48 64 56 22 12 42 66 1 17 9 31 53 67 44 52 5 47 54 41 65 49 25 60 30 45 0
76 5 34 66 20 21 40 4 43 33 60 10 7 32 14 58 36 47 31 65 35 57 3 64 38 26 17 27 37 18 28 54 42 49 61 44 12 53 0
76 36 53 34 32 62 14 16 10 55 65 52 63 11 51 56 30 40 57 33 19 0
2 59 64 24 66 28 14 2 53 22 31 21 32 56 1 43 18 11 62 67 26 13 41 29 48 23 10 27 6 0
48 47 65 5 49 34 13 29 28 9 62 30 24 18 39 31 3 59 22 43 16 14 44 0
2 67 56 9 27 33 29 42 40 43 63 51 16 49 21 64 15 47 54 6 53 11 46 57 2 35 55 20 60 13 5 41 44 28 19 34 65 66 4 38 25 0
97 14 16 52 22 4 42 59 58 60 24 10 47 28 54 23 5 18 66 65 32 12 3 45 13 19 53 6 29 20 46 38 62 40 39 34 36 1 8 21 61 51 2 49 11 35 37 17 64 44 55 63 7 26 30 15 56 50 25 67 31 33 9 27 48 41 0
95 53 10 13 61 30 14 35 2 16 31 1 56 27 52 9 34 37 46 8 0
79 57 59 74 30 13 30 38 33 6 83 17 72 59 5 71 18 23 31 30 24 34 98 38 19 41 33 36 77 60 75 46 96 56 96 6 43 79 64 25 49 75 12 42 19 21 3 91 41 46 96 11 24 62 92 52 54 88 27 83 19 70 30 6 71 49 8 
13 4
36 4 2 1 3 0
52 4 0
87 3 2 4 0
41 2 0
83 1 2 4 0
12 3 2 0
88 3 2 4 1 0
42 4 1 3 2 0
46 3 2 0
6 1 0
95 4 2 3 0
81 2 3 0
44 4 2 3 1 0
78 49 15 77 
