10
49 1541
46 21 11
7 48 89
21 13 16
26 8 49
33 39 37
5 16 71
28 42 60
32 28 62
12 32 30
1 6 83
37 45 46
34 23 96
34 38 75
9 2 96
39 35 27
22 31 32
3 10 22
31 41 3
18 38 74
22 11 14
12 26 54
39 32 36
44 45 73
48 11 76
23 6 85
47 10 70
48 41 54
16 11 27
49 29 88
31 22 34
7 46 68
9 12 25
28 29 82
29 12 62
3 47 8
22 46 85
12 36 76
44 45 52
34 27 67
41 3 76
45 13 71
10 49 68
18 12 88
12 14 68
21 16 26
15 36 42
35 47 47
44 28 5
46 27 75
38 9 72
39 23 43
33 27 29
15 23 17
30 16 86
17 27 27
31 5 41
30 29 16
9 44 4
26 35 7
2 22 40
18 26 74
37 32 36
15 7 66
5 36 50
8 30 28
10 37 32
21 43 88
34 35 67
27 2 43
23 31 81
46 23 55
44 35 76
8 39 39
41 15 36
37 10 89
26 14 41
8 44 88
14 49 70
48 25 23
10 48 66
17 31 74
48 17 54
16 43 12
17 7 16
39 6 9
47 10 99
16 38 84
26 46 14
1 22 2
30 36 98
43 47 55
17 15 83
4 12 75
49 27 24
11 7 46
44 32 60
41 11 32
20 29 39
7 49 24
12 35 73
44 7 42
8 10 54
23 41 94
29 42 13
36 28 38
32 30 74
34 45 47
23 45 31
34 46 96
20 19 30
37 26 84
11 33 67
15 17 77
36 34 31
13 2 26
41 11 64
8 49 86
19 31 98
38 16 52
37 42 52
38 30 86
25 12 66
16 18 98
21 29 16
12 36 90
35 4 32
7 22 94
23 38 9
11 14 95
8 42 31
22 32 43
25 49 52
32 8 65
12 40 4
34 21 30
49 35 34
5 8 99
36 10 48
15 12 52
7 26 98
15 39 8
36 42 38
18 7 15
47 30 80
13 9 1
2 35 29
23 26 8
44 14 23
34 30 29
10 16 8
15 24 1
6 28 51
40 20 99
1 34 18
24 2 91
6 3 40
22 36 46
40 43 45
30 23 43
22 41 79
12 44 44
6 22 93
24 47 64
27 22 81
2 34 76
7 5 22
27 47 63
17 26 3
39 3 71
20 32 66
9 13 22
24 28 45
36 1 99
19 32 38
5 3 32
26 20 68
10 49 83
42 26 44
35 46 26
13 17 32
5 17 42
2 38 91
18 40 66
3 14 72
34 22 81
41 21 29
5 20 42
23 5 71
36 32 7
44 16 23
33 22 56
38 5 54
19 26 52
24 36 90
15 12 25
49 21 32
38 17 39
12 16 6
25 2 19
7 48 4
2 33 60
24 39 25
31 18 66
4 5 89
27 15 44
14 44 72
2 43 85
12 3 55
15 39 45
21 6 11
13 45 97
48 46 73
41 8 6
31 6 8
45 8 52
49 35 70
5 36 57
28 14 61
10 24 61
13 20 97
36 37 43
15 34 74
25 16 3
42 34 37
12 4 68
10 27 33
8 2 2
17 43 2
27 47 74
9 48 29
18 9 78
3 21 56
47 25 25
44 9 96
16 7 28
35 23 92
40 23 93
37 19 41
39 32 73
39 41 78
31 27 42
13 39 74
7 27 41
15 44 91
45 10 89
25 33 72
48 10 90
32 47 43
34 8 34
4 20 4
26 40 56
33 47 43
48 30 41
23 2 40
23 2 3
42 48 86
31 28 61
14 40 3
2 46 87
48 32 88
44 1 68
47 42 58
21 3 10
42 35 35
20 49 19
49 36 36
18 21 63
1 46 70
32 37 97
21 20 32
19 13 67
40 38 71
43 49 74
46 5 48
26 25 13
45 36 20
37 2 72
22 39 60
45 16 54
19 26 52
40 33 50
27 22 56
18 15 93
24 16 51
11 17 76
9 20 50
48 12 72
31 16 68
20 35 55
49 19 75
4 34 36
33 21 5
3 12 33
12 14 52
7 1 37
1 7 21
3 13 88
47 5 5
5 14 37
16 28 41
41 40 54
26 35 29
40 37 1
46 47 40
17 7 27
7 27 4
2 6 62
18 1 96
28 39 67
17 36 17
19 2 2
10 12 52
7 32 98
10 46 11
14 31 58
12 3 44
30 22 85
47 19 18
22 23 10
3 27 86
18 3 82
21 15 6
43 15 81
33 15 43
34 24 95
28 35 51
42 46 36
49 36 73
14 24 11
47 36 89
49 48 9
45 37 50
40 9 89
4 44 42
3 25 38
15 30 73
42 28 33
39 28 74
8 28 86
14 8 100
1 42 37
4 44 63
27 5 90
22 46 34
6 33 4
33 4 14
37 10 60
18 44 75
26 17 12
32 9 81
32 25 70
37 3 45
9 7 5
22 33 98
47 10 59
16 49 3
21 7 92
34 35 18
20 43 34
2 15 16
4 11 94
1 6 90
49 29 12
45 5 60
8 10 38
19 2 2
20 15 87
26 33 23
25 47 52
16 18 95
25 3 91
4 30 96
49 30 27
26 2 7
10 39 16
49 16 23
40 3 88
6 19 86
21 35 21
22 7 83
3 1 17
36 17 68
42 40 24
17 49 80
9 42 13
29 1 88
28 15 41
46 32 8
16 12 46
1 13 66
8 43 67
13 49 95
35 10 65
13 26 20
5 19 94
42 7 18
1 35 29
47 48 48
35 13 81
36 45 8
21 2 94
32 23 41
11 31 33
5 35 89
22 31 1
40 1 8
49 43 11
16 14 45
32 11 41
40 11 96
34 19 11
41 4 57
4 32 79
46 34 3
48 13 11
4 2 20
21 23 59
4 11 68
46 8 28
26 25 90
26 44 41
46 35 40
48 17 29
48 15 39
21 4 95
33 9 88
6 37 50
9 38 9
40 47 83
20 8 78
46 29 81
25 22 100
1 29 65
39 32 38
31 10 85
16 4 91
24 20 81
8 35 84
24 15 9
6 19 42
10 2 65
28 47 93
5 16 20
44 39 80
29 24 74
27 12 70
33 30 52
38 14 84
6 35 67
29 25 18
19 14 43
20 28 23
41 28 76
19 27 72
10 11 43
19 2 86
12 26 95
30 12 42
6 31 97
40 43 59
37 43 88
31 32 76
37 44 57
35 23 21
38 17 28
20 7 36
2 1 16
32 22 40
37 49 83
25 35 32
14 15 14
22 42 28
33 28 13
11 3 21
17 7 69
43 12 78
8 21 69
45 9 39
16 20 21
14 26 67
47 20 71
42 49 73
26 7 58
8 25 51
36 16 77
44 39 47
17 14 100
2 17 31
41 4 8
31 48 18
14 41 86
7 26 80
43 48 44
42 15 35
35 5 85
9 25 72
30 28 24
39 11 26
44 11 9
12 1 94
12 15 59
8 38 72
37 1 78
13 28 70
6 22 21
37 17 17
43 4 2
47 22 61
17 25 2
37 9 23
25 7 69
31 37 32
43 15 55
15 47 55
20 5 13
31 40 97
49 39 49
11 13 30
25 24 56
11 45 97
41 18 64
38 39 24
17 46 30
12 16 3
38 24 35
2 35 46
20 25 82
43 34 63
37 19 60
44 38 39
11 3 51
41 33 8
41 3 11
33 40 47
26 2 42
19 22 24
1 15 75
24 18 23
5 42 60
14 40 30
9 34 93
13 40 53
46 5 35
21 5 26
40 36 72
48 37 63
44 1 15
40 4 68
1 5 60
21 29 85
35 34 67
30 10 38
12 27 32
42 37 68
32 5 13
17 45 10
41 15 72
25 46 87
28 32 30
42 18 43
27 43 60
11 22 71
5 9 72
3 43 58
10 15 4
14 10 94
48 10 72
45 3 46
28 21 60
23 19 54
38 28 73
21 14 55
5 39 24
7 41 44
17 15 44
45 36 64
30 16 89
38 14 85
20 49 41
38 46 67
38 36 3
18 2 96
7 10 64
44 1 32
26 34 71
49 36 7
42 47 48
1 32 69
22 20 10
32 37 63
28 1 60
11 31 21
16 31 36
17 43 88
22 38 30
32 25 24
5 13 33
35 36 3
30 5 64
3 2 2
27 46 57
41 12 70
36 1 62
15 17 76
41 38 90
18 1 4
17 30 15
9 17 23
3 48 59
40 1 7
33 21 4
24 19 69
1 28 89
5 36 54
9 5 7
39 18 20
44 41 72
36 25 90
13 26 51
33 8 51
40 24 92
41 12 32
40 41 7
49 25 6
23 3 52
1 19 13
25 19 96
40 11 9
38 24 79
19 45 76
42 39 84
10 31 18
19 18 61
13 2 65
30 12 69
23 1 69
28 26 43
33 38 4
21 2 80
1 39 13
8 4 15
29 10 54
43 32 69
42 10 73
23 32 59
48 10 53
29 15 88
43 8 88
19 46 93
5 29 16
10 3 59
8 9 21
18 28 11
22 1 10
23 20 57
42 24 74
11 41 44
28 16 46
40 28 33
41 9 37
16 23 47
2 12 2
13 49 12
34 27 60
12 34 67
12 14 94
14 4 3
38 41 94
20 6 43
14 1 16
46 41 85
49 33 42
23 13 83
28 4 9
23 26 8
29 3 18
46 45 96
42 33 39
17 11 14
37 15 63
48 35 95
44 49 68
43 45 50
36 48 63
5 13 57
48 23 67
27 14 81
6 3 43
5 9 55
29 42 96
29 13 11
49 32 24
23 14 96
30 48 5
44 24 48
28 25 81
23 37 86
21 10 88
49 3 27
38 29 99
5 25 88
34 26 28
35 29 14
14 16 44
14 20 28
27 28 58
29 5 44
2 22 48
20 12 32
48 32 20
6 45 37
25 47 32
47 27 49
49 6 9
37 45 8
1 23 87
30 31 85
5 46 36
26 17 78
42 44 76
26 28 79
6 25 46
45 12 94
20 11 85
11 14 42
13 12 14
9 27 17
16 33 15
22 44 4
6 39 79
34 37 6
2 41 3
17 13 84
24 31 29
49 22 29
22 40 16
44 2 75
20 7 11
40 21 16
25 47 3
29 3 4
7 15 60
20 26 91
47 27 91
45 49 10
13 47 39
23 41 5
49 37 9
20 17 21
7 10 76
9 48 11
48 46 95
44 9 44
32 7 58
29 39 47
9 21 73
46 44 20
16 33 6
3 14 75
2 15 16
10 19 79
28 25 29
26 41 64
34 9 82
14 36 16
44 15 95
40 49 10
20 22 3
10 43 89
13 8 86
1 13 61
26 35 74
1 27 94
2 17 71
47 17 47
42 7 1
45 37 19
3 48 8
34 37 16
36 44 94
38 4 10
27 49 5
41 30 89
8 44 34
44 48 24
25 43 19
4 13 5
44 18 23
12 39 32
38 17 73
4 46 74
4 48 82
47 32 81
3 37 29
48 26 44
1 27 15
30 29 41
48 35 46
8 42 38
27 29 61
12 11 93
32 10 43
5 24 17
18 27 63
29 13 5
44 4 23
45 25 97
35 31 7
29 11 74
36 14 61
24 44 2
24 10 49
43 49 43
26 41 51
22 18 4
34 5 1
44 45 17
12 10 69
4 11 86
32 44 4
15 29 87
16 3 51
25 28 71
32 12 77
36 4 97
47 18 84
3 26 82
34 25 73
15 12 63
18 32 69
19 42 66
37 14 43
18 43 57
25 11 41
40 16 41
31 17 7
8 14 57
31 36 13
19 32 23
39 49 85
1 24 24
44 30 22
44 38 1
14 47 28
49 16 4
27 13 37
12 4 39
40 39 47
12 43 84
31 13 90
11 29 94
1 32 33
23 44 32
29 17 10
46 12 67
41 32 53
18 37 50
23 21 77
8 45 22
23 45 49
21 45 100
25 24 87
18 8 99
2 48 37
15 31 38
22 10 76
49 9 10
1 2 65
4 16 63
6 27 8
26 7 26
2 29 66
13 25 63
27 22 92
21 37 52
12 11 46
48 24 58
49 28 69
4 9 83
4 44 50
44 2 23
32 26 6
49 37 54
27 14 48
34 22 99
45 17 47
34 2 29
36 48 83
6 40 74
33 29 14
31 38 12
14 26 64
8 23 65
36 25 94
4 8 48
20 7 7
25 49 35
29 19 69
25 30 48
8 45 27
5 44 38
6 3 1
35 1 63
34 22 97
5 10 47
48 23 76
29 8 8
49 3 62
39 13 51
35 3 21
26 41 30
21 16 87
41 12 16
1 19 24
37 31 84
32 4 90
18 17 3
31 34 93
45 43 44
32 21 73
23 9 21
5 37 63
43 32 22
45 43 12
35 43 65
30 22 73
47 21 6
39 10 22
8 49 97
29 24 72
45 49 15
27 9 13
17 32 12
23 49 81
9 8 16
31 36 15
6 25 37
40 46 88
28 26 17
18 15 6
40 24 4
4 38 18
46 2 82
19 17 76
31 46 12
20 37 89
49 12 92
13 39 19
46 47 71
25 1 30
11 35 50
8 33 47
15 43 43
33 45 52
13 9 12
22 45 74
38 34 32
32 25 19
46 41 50
3 15 41
43 17 4
19 42 29
41 38 73
1 31 76
40 29 46
15 13 40
29 25 47
14 34 28
46 22 63
42 16 97
1 3 87
8 24 83
26 45 85
26 24 99
12 10 68
11 33 57
36 22 56
6 9 88
38 9 95
6 5 60
29 11 2
44 12 11
27 45 6
36 10 41
10 12 62
31 21 26
42 13 22
11 4 81
16 12 69
28 35 54
23 7 15
33 22 33
16 46 93
23 28 83
8 6 11
34 18 27
40 17 1
6 2 91
27 37 97
40 8 73
4 1 89
30 33 41
44 40 72
13 39 86
19 9 21
45 46 6
32 15 95
46 19 10
17 42 47
42 30 71
39 35 37
13 10 10
8 48 56
10 44 81
7 45 45
7 48 50
22 1 75
33 6 87
1 16 44
35 4 2
35 7 13
8 25 84
1 3 18
39 11 68
41 18 77
21 30 44
14 22 80
49 4 15
42 27 9
36 1 10
11 34 60
14 25 52
8 9 44
6 1 4
31 2 71
7 44 33
27 8 97
43 41 57
40 39 84
17 49 100
20 12 81
49 14 7
41 13 27
47 31 4
43 3 14
42 26 25
24 29 38
22 37 21
41 17 52
23 19 42
48 14 27
18 44 73
10 1 25
35 20 71
2 10 28
17 10 56
22 32 87
19 16 85
2 10 31
23 45 98
16 30 97
16 30 5
24 15 89
22 26 49
34 48 23
1 45 37
21 16 42
33 5 18
15 22 100
35 3 37
49 2 84
29 20 31
30 10 94
44 31 34
16 5 11
17 16 38
37 5 75
5 47 55
9 41 65
8 19 83
46 40 19
34 46 21
3 2 99
23 10 57
5 25 39
5 10 10
32 43 82
18 7 64
23 8 84
29 28 80
19 44 23
36 5 59
36 5 97
17 23 53
22 6 100
35 16 90
41 12 43
31 14 77
4 27 46
16 8 58
42 43 98
18 14 76
48 32 9
30 17 24
6 23 4
16 23 18
26 7 14
21 48 75
25 40 52
6 34 81
30 34 64
21 7 40
14 7 73
13 23 46
15 9 85
48 14 68
36 10 14
5 25 31
37 41 69
45 21 29
2 31 69
36 37 71
35 4 7
16 37 49
13 43 55
48 26 75
48 11 39
4 13 74
41 1 54
15 32 32
10 48 17
15 39 5
5 28 31
33 7 58
22 17 36
22 25 30
8 45 9
18 39 83
39 10 29
42 23 68
29 20 46
12 1 71
33 43 50
28 38 54
14 41 19
44 17 75
39 36 1
29 27 69
8 18 82
29 11 83
27 9 6
33 31 3
1 45 8
12 20 73
46 11 48
17 10 95
24 20 24
40 25 90
45 46 94
14 37 63
30 12 18
11 37 96
1 13 58
3 22 66
41 2 3
18 48 34
22 7 73
2 12 30
5 27 37
34 33 90
4 46 74
22 4 90
38 16 22
28 8 5
31 39 52
20 37 79
5 44 63
37 49 27
27 34 68
27 13 25
20 34 26
34 19 93
25 9 92
38 3 59
34 4 27
41 13 35
1 44 74
2 11 31
36 33 74
24 45 82
19 35 17
8 49 15
7 31 56
2 12 58
42 35 53
31 9 55
37 49 52
14 32 84
17 45 59
5 1 52
39 34 40
7 40 14
43 6 63
21 11 5
24 10 89
20 31 71
10 21 41
3 7 17
45 43 68
21 31 70
49 20 70
25 3 64
30 19 62
9 19 61
21 20 8
36 18 45
8 13 41
19 8 95
48 20 16
29 47 55
10 11 83
31 11 1
44 15 3
3 27 3
12 31 6
21 8 36
16 2 55
23 47 14
7 6 49
22 34 60
33 16 87
29 18 90
37 1 98
37 36 90
42 17 16
14 20 45
35 33 92
4 36 12
23 44 80
35 4 80
13 10 46
12 19 80
12 49 79
1 35 89
34 15 25
23 49 32
39 6 49
42 21 76
11 23 48
34 41 95
45 49 43
16 30 97
29 38 69
31 42 62
14 15 75
46 29 28
8 30 50
11 28 5
33 8 43
6 19 34
26 14 78
35 29 48
6 19 20
12 7 9
2 26 69
27 33 34
49 9 9
36 19 45
49 14 59
45 11 75
9 36 20
18 21 54
24 36 47
35 24 16
7 17 84
46 38 80
27 20 23
49 20 95
15 13 68
21 22 37
11 27 86
44 34 52
43 30 8
47 42 46
41 22 91
10 5 92
3 26 62
46 8 49
48 19 32
6 36 16
30 6 82
37 23 49
48 8 26
24 48 89
31 23 37
13 26 27
27 5 27
42 3 73
47 9 51
33 27 76
18 1 8
3 38 81
9 31 40
9 24 95
41 47 57
46 30 45
2 4 28
43 9 88
45 44 22
49 7 99
29 33 26
46 19 50
10 6 59
29 46 48
9 40 9
4 39 65
25 36 98
5 34 95
1 43 82
40 3 3
5 25 22
37 39 65
8 7 41
20 44 20
5 34 60
11 41 40
23 21 70
38 36 32
13 16 56
33 23 100
17 49 12
30 34 32
44 33 81
35 27 2
47 34 75
36 8 9
5 41 4
3 21 63
4 45 75
44 3 21
48 31 70
6 24 68
21 27 59
46 18 62
21 49 7
31 14 98
17 27 48
17 31 17
27 44 75
34 40 99
41 34 2
44 46 29
43 28 57
39 5 35
22 26 69
16 24 56
19 43 31
18 48 5
22 46 68
20 15 23
11 20 44
2 17 47
27 31 44
9 4 37
40 43 86
9 15 9
27 49 3
48 49 68
34 39 20
9 8 17
41 31 10
49 20 80
31 48 19
44 25 55
33 34 14
47 33 2
37 2 41
7 5 84
22 48 39
37 3 28
22 36 43
3 25 3
35 9 54
20 41 100
40 41 66
26 2 14
27 13 63
9 39 52
17 32 5
4 27 6
28 20 67
34 22 70
25 18 22
12 17 38
22 11 90
9 41 92
6 42 26
36 35 20
1 28 28
39 22 86
13 14 57
4 24 93
15 29 56
37 16 43
15 49 70
32 25 14
36 21 37
37 47 94
10 12 59
37 36 83
26 38 73
9 36 77
15 13 52
37 22 43
18 40 83
9 11 21
43 32 83
27 44 77
43 47 36
7 21 100
43 7 27
26 13 50
7 31 68
36 29 68
23 36 35
20 25 27
10 46 34
37 29 65
11 21 81
15 6 52
39 47 30
40 17 57
6 40 79
37 12 93
47 6 78
21 14 74
15 2 58
23 37 17
26 40 19
24 40 48
40 22 74
37 12 42
22 28 69
30 22 94
37 28 61
15 22 24
45 16 9
14 38 43
48 4 24
25 11 30
32 26 91
28 18 75
39 48 25
38 33 91
22 39 4
10 43 73
12 7 85
45 48 5
7 15 100
41 8 17
2 40 36
44 28 83
12 39 44
8 21 11
5 28 57
48 32 8
23 45 42
6 2 15
40 21 97
29 12 47
13 25 56
18 48 100
7 28 52
33 28 62
1 44 28
38 3 39
24 31 13
24 10 62
40 36 83
2 11 69
29 10 96
36 35 77
3 34 23
10 13 3
46 10 96
40 8 95
20 6 79
11 4 11
13 16 64
41 17 38
14 43 59
30 22 38
24 2 81
2 38 95
32 45 65
10 48 38
37 5 23
17 15 96
40 48 11
40 20 45
15 6 84
22 19 42
25 46 4
37 7 67
14 16 74
27 23 85
17 13 82
30 8 50
36 24 6
20 38 44
8 29 3
31 28 32
43 36 17
23 17 13
25 36 30
46 14 77
13 45 82
25 10 60
36 28 97
1 20 24
38 9 100
11 40 15
44 28 46
41 7 62
15 34 94
34 24 91
31 45 79
13 45 6
49 37 48
8 26 77
12 21 93
34 46 89
2 39 85
24 12 88
29 21 39
20 37 74
32 42 38
12 31 9
27 22 18
2 9 23
13 16 56
39
14 40
5 11 16
3 4 77
4 7 85
7 2 59
5 12 18
8 11 59
5 6 74
10 14 66
10 11 82
12 6 93
12 13 38
7 8 49
9 11 43
6 14 43
6 5 65
3 4 82
5 10 12
7 9 47
2 1 9
7 14 79
11 6 73
11 12 8
1 11 4
10 14 100
9 1 46
1 4 20
12 7 9
5 4 8
8 13 51
10 4 36
10 3 56
6 10 95
7 9 27
12 10 19
3 12 86
2 6 18
7 2 80
8 13 86
6 8 94
8 4 76
8
53 2775
35 37 61
18 3 3
25 52 5
3 16 75
32 37 60
38 3 76
27 34 73
33 53 96
28 44 37
23 45 45
23 4 78
30 16 56
19 18 75
23 4 92
10 17 12
10 53 69
39 40 2
10 42 35
14 19 14
1 41 8
24 14 66
6 8 28
15 38 59
24 6 51
11 32 6
47 43 67
3 24 96
18 50 59
25 49 47
3 43 12
13 24 78
46 4 78
45 42 74
35 20 7
25 44 59
25 35 11
37 24 99
1 8 28
43 37 34
48 22 25
14 31 62
52 32 84
42 44 7
46 32 69
41 5 23
11 7 48
35 40 40
43 12 84
17 53 99
27 10 16
45 19 57
11 34 54
38 52 81
33 40 81
6 25 26
52 40 63
31 10 63
12 53 45
35 53 72
2 12 14
22 11 38
2 1 28
30 21 79
46 43 56
47 19 100
1 32 96
4 46 69
14 21 47
22 26 97
39 21 41
20 38 99
50 12 13
15 51 69
40 37 44
15 53 49
18 49 52
2 12 88
42 46 18
35 7 41
8 47 91
15 33 7
39 36 76
39 8 78
31 32 22
24 39 34
18 53 75
34 41 96
32 3 13
49 25 71
13 2 98
33 1 82
39 20 67
40 10 47
48 25 2
30 34 74
23 40 93
9 39 68
2 52 94
50 37 56
40 22 98
16 34 64
13 14 10
27 48 32
4 40 89
32 50 70
37 24 66
36 16 71
2 29 28
16 34 60
31 29 88
19 43 31
12 25 79
41 1 34
13 43 50
49 41 45
37 10 76
5 10 97
13 28 94
23 38 35
52 6 41
34 19 58
38 18 86
12 43 23
26 28 1
8 19 44
14 52 56
42 1 26
16 37 3
41 52 31
48 30 12
32 20 100
2 43 72
18 51 91
7 18 91
13 51 24
22 47 70
53 2 9
53 48 65
34 44 71
19 39 93
50 16 60
42 27 27
10 44 99
37 41 97
9 19 87
47 50 3
8 12 41
19 44 93
20 9 5
10 16 71
4 2 9
35 49 23
13 4 41
45 25 58
39 47 25
29 40 79
36 40 88
7 2 41
1 10 47
11 34 84
2 44 60
8 40 57
2 34 25
14 50 53
1 33 67
22 35 82
38 46 99
11 25 21
26 6 35
39 21 28
19 25 94
21 3 86
1 23 31
11 27 53
11 49 7
32 36 7
2 27 54
32 38 78
41 38 88
40 8 28
8 43 79
11 12 77
37 11 3
1 33 13
34 38 89
20 24 31
18 15 1
46 49 78
51 16 16
48 25 81
35 37 49
9 38 73
16 39 12
11 47 57
7 2 9
43 16 12
35 15 20
4 32 7
45 16 37
3 26 61
4 38 2
42 28 37
19 11 54
11 20 16
51 46 34
28 50 66
42 28 85
53 14 85
50 5 92
30 52 57
11 32 88
27 40 69
17 25 86
33 49 94
12 35 91
28 13 93
21 3 70
39 20 85
1 10 75
2 3 40
47 15 11
28 7 42
21 52 58
48 52 17
6 50 66
22 17 84
11 6 23
48 47 11
5 47 88
15 12 31
23 50 64
3 9 61
32 17 79
32 49 98
7 21 53
2 34 71
47 8 44
49 38 52
5 37 95
49 40 29
2 43 42
51 12 89
34 32 9
41 10 98
32 29 57
11 33 13
14 10 98
40 6 80
41 52 9
4 6 60
33 14 72
43 23 79
26 46 85
48 36 74
18 33 17
45 1 77
53 21 75
17 35 57
50 27 1
51 16 9
12 44 86
51 50 72
8 44 71
35 8 30
5 44 33
21 14 81
22 48 7
45 26 6
46 4 78
27 21 33
30 34 56
27 16 99
40 21 64
25 24 86
6 13 9
46 45 78
8 3 37
18 23 70
34 16 10
52 19 79
17 10 81
3 1 77
20 17 55
26 52 65
19 15 56
41 1 77
17 48 55
46 30 36
48 46 76
47 53 90
1 36 8
19 41 9
47 12 4
24 1 19
6 34 83
52 14 10
47 45 2
7 32 1
48 40 37
38 26 35
17 18 4
40 4 56
50 7 35
40 9 13
35 49 86
45 30 30
29 17 68
2 53 43
52 30 34
46 3 31
23 10 80
27 51 36
25 4 56
32 2 63
16 24 87
29 31 85
32 33 38
31 40 32
11 19 14
1 5 8
40 35 61
42 12 62
37 5 90
23 17 40
24 48 33
8 7 25
11 47 62
2 8 54
41 3 70
35 47 86
36 39 74
48 16 39
41 26 44
49 24 52
22 11 2
32 39 23
32 53 4
4 6 76
8 1 29
26 45 10
20 14 71
38 29 95
4 39 71
37 43 1
47 21 71
21 12 12
40 17 41
11 52 84
5 40 49
23 42 30
28 43 7
6 20 97
11 34 18
49 53 56
42 3 97
21 52 96
41 45 32
7 32 78
32 18 45
45 31 81
44 51 91
25 16 57
9 20 12
46 24 94
10 11 91
22 17 94
13 44 54
45 52 30
29 18 45
29 36 31
33 31 68
23 45 21
25 40 51
36 37 64
31 42 32
13 49 48
38 24 42
42 51 66
32 38 63
11 7 30
20 7 58
4 39 23
30 27 34
9 20 17
45 34 48
26 45 82
37 8 40
37 40 74
46 38 28
34 5 73
5 21 10
11 45 93
51 7 85
38 45 71
9 25 84
51 10 29
53 9 61
18 24 44
29 18 82
46 29 99
3 42 62
27 8 83
31 43 14
4 40 35
46 28 98
35 22 91
50 16 40
38 1 68
47 26 85
39 17 49
9 48 23
17 25 19
46 3 70
7 18 41
47 18 66
47 38 18
43 53 8
13 43 27
2 51 12
1 48 71
6 53 25
52 15 17
50 31 28
5 52 12
53 11 35
32 40 22
43 11 12
51 27 52
39 19 49
8 40 73
21 29 82
3 49 43
19 6 80
51 15 55
26 48 80
51 40 69
1 3 75
37 11 17
41 1 41
50 52 93
10 35 85
2 36 18
13 23 16
25 38 39
48 19 29
26 27 99
7 9 61
35 6 15
29 38 99
39 27 88
44 50 13
51 33 25
16 44 4
33 34 63
16 46 62
42 39 40
26 1 66
18 4 51
47 36 100
13 7 14
28 25 49
49 2 96
44 53 17
45 4 46
34 30 90
6 49 71
39 26 93
42 50 83
31 1 20
5 32 58
34 38 36
32 35 80
44 31 22
41 13 39
38 44 16
5 39 30
35 1 35
22 40 10
29 8 5
2 3 89
31 18 5
10 23 93
48 28 21
48 38 41
48 1 47
50 51 91
33 39 7
33 6 56
46 20 4
26 45 21
9 47 9
31 13 5
21 27 99
53 19 30
49 16 25
6 2 2
36 30 40
8 12 86
16 43 92
31 42 63
39 31 63
42 35 33
18 31 43
34 12 51
25 36 16
24 8 40
45 53 31
25 4 98
16 44 99
31 24 42
13 24 33
26 51 10
37 41 47
41 7 8
7 17 20
50 4 84
41 33 14
45 38 57
15 7 66
44 18 8
5 38 51
6 38 17
5 36 37
36 29 73
7 10 34
37 50 56
3 35 86
27 28 56
47 42 99
20 39 6
1 50 49
2 28 98
4 38 65
38 28 12
6 25 85
19 45 64
33 5 1
29 32 25
2 48 34
32 37 46
8 26 5
22 30 15
10 43 91
15 26 59
7 4 20
48 3 40
52 51 81
47 25 36
41 3 97
12 27 78
16 40 31
6 38 19
2 7 10
53 10 30
3 13 66
36 30 45
52 38 47
9 35 89
34 7 52
24 7 57
14 53 39
46 1 73
41 48 38
38 29 66
28 31 92
49 50 90
21 22 44
19 2 43
4 1 14
23 30 3
26 42 69
37 29 73
18 32 4
15 37 19
25 22 81
20 41 81
28 47 85
47 28 3
33 9 6
15 27 79
25 24 49
35 23 84
20 46 90
20 42 28
50 18 60
41 32 20
2 23 11
9 26 30
53 12 18
52 19 6
28 22 100
1 38 65
44 5 94
21 8 43
18 50 93
24 43 88
39 25 91
27 36 58
51 31 46
26 1 16
47 31 1
51 11 10
21 10 82
32 40 1
12 47 69
37 11 38
39 35 48
30 21 79
18 31 48
27 38 61
5 22 52
46 8 32
52 48 83
32 43 34
34 52 70
52 35 44
38 34 30
34 37 77
30 37 51
45 31 90
10 28 11
47 53 71
29 49 89
49 11 53
1 12 61
27 39 90
21 14 25
23 15 94
17 33 74
12 53 41
26 50 98
21 52 72
34 48 93
37 9 44
36 32 8
10 1 76
49 15 70
24 51 7
17 24 24
8 25 70
14 20 99
15 34 95
42 47 66
31 46 28
51 30 56
8 14 24
48 26 96
46 24 94
46 10 34
1 32 37
12 21 25
51 45 30
10 9 73
3 20 29
30 9 23
16 25 1
29 4 59
35 23 83
14 23 33
42 28 30
24 20 67
40 14 68
43 48 80
45 48 54
20 38 62
53 38 88
18 20 67
40 42 87
8 32 92
20 3 33
45 49 85
29 47 17
47 51 86
30 51 27
36 22 6
41 49 82
37 47 91
29 28 81
22 42 37
2 12 42
48 34 64
3 38 72
17 46 24
20 51 14
46 14 33
2 31 2
31 39 57
43 16 21
29 34 5
28 27 20
34 40 80
46 7 12
22 48 39
7 42 23
8 52 13
50 6 1
42 33 94
43 10 43
23 9 12
29 22 83
49 7 90
8 52 6
37 24 22
26 8 24
33 40 97
10 26 100
53 37 82
37 50 11
43 45 6
8 51 43
20 3 100
1 4 99
23 42 59
1 14 10
16 20 25
27 25 23
24 43 19
29 15 5
14 34 58
34 24 13
38 20 9
10 33 57
45 20 3
27 53 98
2 17 2
42 5 37
53 49 27
39 30 38
51 18 95
33 7 6
27 43 40
10 9 24
50 47 14
45 38 26
22 36 46
28 13 88
3 16 76
32 30 88
5 20 73
10 24 51
3 46 30
4 51 21
24 19 69
4 30 15
39 46 2
5 40 77
32 35 91
23 6 97
27 37 71
1 17 30
21 15 68
18 26 72
50 41 18
32 20 34
42 40 80
43 16 15
17 49 74
52 40 8
50 46 17
33 42 2
11 48 31
29 3 93
3 33 31
2 52 36
37 35 15
33 47 63
23 8 95
16 13 11
33 37 90
42 31 47
29 11 87
7 20 36
31 40 15
21 35 78
46 52 92
48 37 46
23 17 38
50 29 5
36 18 67
37 50 82
39 18 31
34 2 73
40 9 45
7 2 36
51 38 19
37 46 96
24 46 78
19 21 35
26 10 98
27 52 10
8 43 63
51 25 89
5 26 97
25 52 19
45 52 31
6 9 98
6 9 26
16 12 26
10 34 22
6 17 91
52 51 41
19 31 34
52 46 35
10 47 82
36 22 80
47 29 27
41 10 52
28 8 96
16 19 45
3 45 7
37 14 84
5 52 8
26 1 34
21 10 2
40 1 53
13 41 82
32 51 1
34 36 3
38 41 70
20 29 100
44 35 72
42 27 25
17 32 78
30 44 24
43 30 51
33 42 98
3 35 55
33 48 8
53 51 29
23 22 74
33 37 76
38 2 46
26 47 70
14 15 55
5 13 34
40 9 40
37 36 65
29 30 40
20 7 84
18 5 10
43 16 29
12 37 92
23 49 10
10 12 66
30 43 90
38 29 96
35 25 45
37 45 95
31 52 7
21 7 94
34 29 76
18 48 98
30 29 30
24 6 52
4 52 77
28 30 79
3 47 66
15 30 31
8 47 78
22 37 12
26 11 42
24 2 50
44 47 67
7 48 64
19 20 75
51 24 6
18 40 11
25 17 29
21 44 7
47 20 22
35 47 5
7 9 73
52 28 81
7 50 75
42 9 82
33 4 53
15 52 72
12 23 1
23 19 6
16 41 76
7 27 65
6 19 86
42 11 38
2 46 9
11 9 65
8 48 28
8 35 74
42 24 65
1 43 27
24 46 36
48 10 58
51 48 33
34 30 39
2 47 34
51 45 14
49 51 91
49 22 87
36 27 58
7 1 48
5 11 88
29 14 78
46 49 31
53 5 62
26 45 15
42 28 89
42 11 38
4 35 39
50 28 30
23 24 61
11 14 67
49 31 1
1 16 87
24 30 58
7 15 26
36 1 46
44 29 46
33 53 75
5 48 13
23 14 39
8 50 37
45 36 41
40 38 72
49 9 22
4 44 3
20 6 33
30 12 44
15 23 49
12 44 55
42 50 71
1 13 24
44 42 24
13 41 95
11 46 39
52 53 79
49 19 6
29 28 11
46 3 47
51 34 21
20 45 48
14 48 99
31 1 72
47 21 32
5 2 59
50 30 26
52 33 28
11 52 65
22 7 76
17 44 16
51 42 88
51 13 23
35 27 1
52 14 43
31 38 5
30 12 76
43 34 54
52 43 28
5 34 85
17 12 70
2 26 67
3 39 90
35 47 79
16 7 72
5 17 24
44 14 36
45 26 71
5 17 37
9 12 95
10 32 39
29 9 24
29 51 52
39 9 33
11 47 43
28 23 86
19 41 9
8 50 48
15 46 59
51 19 52
46 8 39
47 23 55
10 39 50
15 13 17
22 1 67
2 39 71
21 7 4
5 8 13
13 26 80
7 14 57
4 22 88
3 40 55
4 31 56
22 2 68
1 28 59
9 1 9
50 6 14
30 40 49
40 35 53
38 49 68
4 40 49
19 26 16
33 40 15
15 12 81
18 42 36
51 39 65
10 21 25
32 20 83
33 3 10
42 33 71
39 4 77
15 38 98
26 6 24
41 29 56
18 21 20
52 26 47
41 37 81
27 36 6
43 11 28
6 10 85
37 13 54
22 5 16
15 21 78
32 48 68
9 12 2
6 1 4
12 17 61
22 17 13
31 42 88
5 41 63
4 41 3
4 19 74
11 35 91
28 36 26
5 26 74
5 51 18
4 25 53
5 43 72
33 38 38
8 4 35
18 25 59
47 21 65
3 44 89
52 37 9
10 25 16
44 40 6
11 3 35
7 35 54
14 45 77
51 10 96
12 48 40
28 20 93
30 24 21
1 5 98
7 22 59
30 32 16
28 52 16
9 19 29
17 28 13
28 51 94
4 39 53
40 49 23
28 18 41
47 33 64
7 2 11
36 31 52
19 36 97
36 16 6
3 44 7
14 39 67
28 47 41
25 29 13
2 21 85
25 31 69
17 3 87
7 9 79
17 14 8
17 47 49
4 49 35
31 51 10
26 46 7
37 27 40
51 53 80
16 53 17
15 16 32
28 5 59
38 15 59
50 48 79
42 37 51
34 16 5
43 19 46
30 41 66
17 50 28
28 36 32
13 28 92
43 46 75
18 38 97
34 14 26
16 35 16
43 8 35
5 50 59
31 29 45
9 2 63
30 35 46
20 1 22
25 41 63
10 1 74
9 11 6
44 13 10
15 26 54
1 44 55
33 24 15
35 14 63
10 53 67
21 12 3
1 28 80
39 47 61
28 31 6
13 42 37
13 4 5
23 9 48
15 50 92
45 47 89
19 15 8
37 48 14
34 9 82
7 21 56
27 23 20
33 19 6
1 5 88
35 53 18
43 53 64
16 1 29
21 6 39
53 44 45
21 17 83
8 13 56
4 38 90
39 16 40
31 48 30
35 42 15
51 5 74
29 44 35
38 29 92
48 50 23
37 38 83
8 44 84
8 27 70
21 3 95
1 7 63
51 32 34
3 27 93
1 31 33
42 8 11
53 2 87
24 32 60
12 5 28
12 35 85
6 22 60
5 14 15
29 21 59
36 21 57
4 7 80
30 3 65
11 36 37
44 34 10
40 2 84
51 29 72
23 34 99
17 34 7
53 42 61
3 17 27
26 7 82
43 51 86
28 52 86
24 36 63
26 43 45
48 27 25
7 50 37
52 25 79
33 6 50
53 8 55
39 28 64
8 48 57
11 12 18
7 48 43
11 53 46
51 53 54
8 29 23
25 6 44
46 22 78
43 34 83
16 3 51
48 10 88
48 33 23
28 21 47
52 25 79
48 9 76
12 50 6
42 21 50
20 46 27
13 8 33
15 2 26
8 50 75
24 53 59
6 32 11
19 8 77
19 31 20
7 27 91
35 44 30
39 18 77
28 29 78
36 5 34
6 30 78
11 7 6
38 9 13
47 44 60
15 36 59
37 7 65
36 24 62
32 5 93
31 11 1
10 24 92
30 33 2
49 40 15
49 27 45
49 48 35
45 2 86
20 21 82
4 46 36
26 13 63
24 21 48
50 45 10
52 19 50
39 33 33
5 10 2
36 16 65
51 41 10
14 47 41
13 20 48
24 42 8
38 21 56
48 25 88
7 53 23
41 49 16
43 20 29
10 28 19
38 52 96
18 31 69
39 33 26
51 25 90
52 17 46
40 9 57
45 1 24
21 38 57
5 37 84
6 17 78
34 8 17
1 53 76
20 50 83
14 27 21
41 1 57
5 42 57
33 22 95
7 21 77
1 3 48
47 53 65
33 7 69
47 26 69
38 23 95
43 8 53
19 9 57
33 53 43
29 15 62
4 35 27
41 19 35
36 21 54
16 5 55
45 44 6
15 27 23
31 39 69
14 13 53
53 51 53
52 13 39
40 14 100
34 12 12
16 6 87
1 18 24
25 45 31
8 41 25
26 47 51
16 36 34
35 21 97
16 14 1
52 36 29
8 29 5
20 6 39
5 27 18
5 21 53
7 13 35
44 46 77
29 46 83
32 51 74
48 29 39
45 37 84
29 40 96
44 39 98
48 39 9
17 21 34
40 9 70
20 13 84
1 11 51
5 25 26
39 6 4
39 5 39
32 35 43
38 30 4
35 32 51
15 14 78
21 16 30
37 40 23
12 33 70
5 6 79
24 7 85
1 6 31
26 32 82
30 22 100
26 50 91
23 27 43
7 28 34
17 18 46
10 23 52
22 41 13
7 51 93
15 17 65
37 9 18
43 12 95
16 30 70
5 3 57
31 14 70
25 42 59
49 11 79
27 11 2
4 47 54
37 44 12
35 7 17
30 48 89
13 48 75
49 46 64
48 1 22
36 48 92
38 34 56
36 29 47
46 14 80
30 51 35
5 48 61
4 45 42
41 45 42
7 21 37
50 33 65
32 52 48
44 29 19
28 20 22
12 4 34
49 36 96
4 12 37
11 31 36
53 22 16
4 46 55
2 39 5
24 19 95
10 31 24
42 47 81
41 51 31
48 8 93
50 1 95
24 48 20
12 44 54
51 42 27
52 46 54
20 13 99
51 14 74
40 29 59
6 43 7
39 37 86
15 9 92
6 43 48
35 23 39
13 43 63
39 38 1
10 45 54
35 49 60
38 4 28
52 2 88
14 51 90
14 25 94
30 27 13
37 49 45
14 47 44
21 2 32
10 40 22
15 5 76
44 4 27
6 1 83
47 49 16
2 32 11
46 14 91
32 52 56
8 13 71
18 3 52
39 24 17
37 48 98
53 17 83
35 44 43
12 22 25
32 45 66
3 1 78
35 4 8
16 35 17
5 37 4
28 32 58
32 17 69
33 8 7
38 51 54
45 42 21
6 40 95
4 28 81
6 28 73
37 15 36
37 3 39
3 27 49
9 8 48
47 1 88
28 12 31
3 12 43
4 45 72
1 50 85
4 9 82
52 7 89
44 17 8
9 3 43
18 30 48
18 44 36
48 23 13
9 44 39
22 41 40
18 47 49
39 16 98
33 13 66
25 47 11
16 29 49
49 42 14
32 43 9
49 38 5
44 31 18
47 40 63
41 29 96
9 22 50
3 29 55
23 44 58
25 29 33
30 26 100
20 40 78
38 28 97
42 50 15
40 29 87
11 26 12
35 24 60
47 31 52
32 48 93
10 4 49
30 29 87
50 19 4
2 3 79
36 43 17
39 20 43
53 37 31
30 52 85
20 49 51
42 46 79
40 17 85
23 16 70
32 6 36
27 35 70
40 24 46
32 44 21
49 17 37
29 25 74
20 29 88
30 18 71
23 30 50
38 53 5
4 32 53
25 27 77
5 19 36
18 53 14
28 42 26
9 38 79
26 46 14
4 18 11
49 39 70
19 8 19
11 1 25
39 46 93
34 12 36
41 35 24
37 27 45
26 29 39
8 4 79
19 22 9
19 26 40
27 19 95
33 35 54
13 52 26
34 1 13
25 48 76
22 44 48
40 43 31
38 1 2
43 34 75
39 38 96
12 16 40
34 20 85
18 13 57
38 41 52
7 23 13
39 19 36
27 52 52
39 18 73
8 27 11
44 11 17
30 23 43
12 24 52
24 2 29
39 6 28
46 47 49
34 51 97
37 50 11
39 6 10
23 33 20
4 19 21
36 2 74
37 30 51
28 29 34
20 51 21
14 24 75
28 29 95
49 46 20
19 42 44
31 37 44
17 27 56
7 49 72
20 13 99
30 17 33
12 27 62
23 9 31
23 9 100
5 33 74
3 39 35
10 19 30
11 17 34
28 39 18
31 9 25
32 37 47
48 41 88
8 29 60
8 39 98
11 4 50
13 44 96
28 33 4
47 18 68
1 46 69
27 28 45
3 45 96
40 35 45
28 16 40
10 32 5
34 49 40
48 8 89
2 26 45
4 14 23
53 51 71
12 42 22
25 34 44
17 29 4
49 2 19
49 18 15
27 14 33
32 30 26
20 46 23
2 46 64
28 35 55
34 29 44
31 32 15
34 53 77
34 9 67
9 42 81
28 48 60
21 51 30
44 12 44
13 37 29
14 42 65
15 40 50
43 16 14
17 8 72
17 43 49
35 36 47
27 18 37
52 32 70
7 36 33
39 9 39
20 48 20
10 16 3
31 40 24
40 52 99
52 28 83
29 52 38
4 30 95
19 10 75
52 22 89
32 53 25
6 22 39
47 13 13
4 7 35
25 4 37
13 2 11
15 26 96
39 10 48
37 39 27
15 49 39
44 28 3
7 16 37
6 33 21
12 47 28
20 43 54
25 13 12
7 8 65
49 33 90
45 35 70
33 47 9
47 1 66
7 6 10
24 36 64
51 8 30
16 6 53
22 35 1
31 15 13
51 37 26
12 30 17
27 43 81
11 2 61
31 46 44
17 14 78
49 30 19
43 21 57
5 22 78
11 6 46
22 36 85
21 1 45
45 46 67
8 32 52
9 17 97
10 51 3
3 17 12
23 32 41
5 34 21
24 15 4
28 34 3
4 38 57
45 8 17
1 15 60
16 33 55
8 42 60
13 21 90
19 9 68
18 20 21
1 16 48
6 19 45
2 18 73
34 9 83
31 7 65
49 52 95
28 29 73
7 51 2
19 14 95
24 21 54
15 24 57
3 30 89
43 2 83
21 53 77
21 16 2
7 37 63
2 39 76
9 3 100
39 5 76
15 2 58
19 25 27
30 10 75
13 43 98
42 37 64
37 29 5
41 43 63
21 40 5
44 52 55
36 25 41
48 29 44
17 33 50
7 52 67
35 21 94
35 6 57
40 10 35
29 1 55
49 38 27
2 30 86
49 4 9
50 35 57
3 25 36
24 40 97
30 7 57
29 32 66
40 28 98
45 17 60
47 43 73
32 8 94
7 12 86
36 18 24
28 49 32
4 25 3
16 31 10
10 11 57
52 7 6
52 17 95
50 32 70
23 28 41
53 16 21
10 42 11
21 39 73
29 25 46
34 29 36
37 7 50
24 33 31
19 47 24
52 17 94
25 29 3
5 1 61
2 39 74
12 44 33
18 1 82
49 33 30
36 46 48
1 47 45
10 52 25
27 10 68
51 45 90
47 18 45
28 10 12
26 5 40
10 27 31
23 32 10
25 2 69
37 51 13
28 31 6
44 8 49
38 29 36
5 43 29
40 5 23
10 37 50
34 39 54
20 26 18
29 38 29
41 31 31
25 27 22
11 29 29
1 32 71
36 23 2
1 20 15
43 49 30
41 10 32
5 52 25
35 6 39
48 3 90
45 30 79
25 28 38
14 34 79
37 33 19
5 32 10
32 25 69
48 7 89
32 46 61
26 47 39
14 23 62
27 45 79
9 53 98
50 22 28
21 46 80
49 18 25
53 9 11
27 18 100
31 52 34
43 25 73
31 16 51
16 23 50
13 47 52
50 39 61
22 43 83
4 11 50
21 26 50
24 9 97
3 42 51
32 25 9
22 43 91
44 12 6
31 11 49
19 43 17
27 36 85
38 25 46
12 17 76
42 34 98
36 42 72
30 7 37
26 51 15
2 16 75
42 37 72
19 41 44
1 3 14
4 33 28
42 20 55
35 48 100
30 29 36
27 49 30
21 30 3
43 6 17
11 48 41
48 13 47
9 18 52
28 53 60
1 24 51
9 31 97
42 23 25
5 1 58
2 12 60
33 44 57
38 50 87
21 5 99
6 12 18
2 30 61
18 38 38
27 10 2
48 47 62
9 22 89
50 18 49
52 42 30
47 28 34
17 28 100
16 25 9
53 6 4
4 41 55
50 31 72
23 22 17
1 41 95
36 20 83
18 7 82
19 48 84
43 48 12
16 23 75
19 5 65
2 22 53
26 3 15
53 1 9
44 35 98
2 19 64
45 53 10
35 34 49
2 52 45
6 14 8
45 53 20
50 19 49
40 9 33
52 18 35
30 25 10
32 6 72
40 45 78
38 9 49
50 8 72
31 19 7
27 40 89
23 28 22
3 13 42
12 16 92
53 35 63
34 30 11
6 46 81
22 9 50
2 19 90
14 2 18
45 41 36
35 49 45
35 22 85
3 18 44
13 16 7
7 3 67
45 10 79
53 39 79
15 42 39
24 6 67
26 13 98
24 40 48
16 53 67
42 29 46
30 42 80
13 36 79
11 45 86
3 41 82
51 36 82
12 5 9
50 38 60
34 15 25
47 7 83
45 26 21
6 43 73
35 16 42
43 12 16
9 31 71
39 32 8
36 15 6
49 41 70
16 10 57
35 15 93
46 27 70
21 17 55
42 47 51
39 28 94
1 40 83
33 29 49
10 43 93
35 18 98
17 6 62
32 47 72
39 15 6
2 7 99
34 9 53
15 17 15
12 3 23
30 36 20
18 41 59
38 45 40
47 27 77
35 23 75
39 42 76
53 45 39
18 12 72
22 4 6
7 5 32
48 43 89
35 30 81
35 14 22
53 49 68
14 39 17
14 27 45
11 30 48
10 42 45
51 3 36
39 53 74
5 29 2
10 49 84
20 33 21
36 17 33
4 1 18
31 25 10
28 18 90
1 43 6
11 47 66
52 15 85
51 25 41
17 40 93
20 51 58
10 2 98
34 23 94
27 9 73
49 52 59
15 25 29
26 9 89
16 33 29
49 39 67
25 50 87
45 14 75
33 48 100
19 32 45
48 3 38
22 34 4
35 48 46
11 16 23
18 28 2
52 38 76
27 38 21
46 48 65
53 21 83
48 9 51
3 2 18
21 4 56
40 6 86
48 5 10
53 6 44
4 16 88
27 45 17
11 29 23
15 33 77
8 53 100
23 43 49
16 3 30
20 40 66
27 6 81
21 50 7
22 26 34
42 5 32
28 43 90
2 44 83
46 9 86
35 52 57
2 16 74
11 5 7
6 15 60
22 12 4
19 1 72
21 41 70
8 6 86
21 13 96
9 10 8
26 30 98
38 40 19
31 5 6
10 53 82
29 46 95
13 41 59
46 12 65
50 30 74
17 52 32
47 36 69
11 31 76
7 34 5
24 8 57
28 46 47
13 16 76
5 26 93
21 25 27
29 13 99
18 31 17
15 11 36
13 48 84
27 32 13
30 16 99
46 36 74
21 5 2
5 45 49
20 14 87
28 30 11
50 37 69
45 39 31
21 33 52
4 26 47
19 35 15
27 43 100
48 35 4
10 12 85
42 26 4
51 2 27
20 9 30
47 50 16
39 36 82
30 26 8
41 19 89
4 39 49
4 33 63
20 47 76
32 8 21
52 48 57
16 13 77
36 40 9
39 24 1
15 46 42
1 27 30
12 15 60
23 31 57
43 28 17
46 47 41
6 24 20
33 50 60
40 45 53
45 14 83
3 20 89
1 40 57
48 13 10
51 52 65
15 10 61
53 44 54
21 13 59
7 33 98
22 19 18
35 53 6
9 10 82
31 20 40
33 2 49
34 3 12
16 34 22
22 30 36
43 50 26
44 29 19
22 19 82
24 45 26
40 25 52
15 25 31
23 38 79
47 17 70
40 1 97
39 35 44
21 39 62
21 10 20
25 6 66
34 22 91
35 4 4
41 28 57
16 23 84
44 47 54
4 46 46
13 29 86
22 52 99
13 23 56
39 32 54
23 29 5
34 1 49
3 35 40
43 25 10
51 18 90
20 11 73
41 46 20
20 18 53
24 38 20
43 29 85
17 7 65
8 47 43
16 49 13
14 40 27
22 17 74
21 35 1
5 27 70
52 26 87
18 31 43
45 38 63
8 22 43
5 21 17
41 46 99
12 13 81
13 52 65
39 25 61
45 19 52
53 2 59
6 18 21
16 4 17
5 42 97
9 41 92
44 2 5
2 30 54
11 42 12
41 52 69
8 3 20
10 25 59
21 51 42
26 13 14
9 31 15
34 28 53
11 26 16
37 6 82
8 10 82
35 29 2
19 26 4
25 53 70
23 10 28
1 52 39
45 30 32
22 50 2
39 40 86
20 31 7
36 13 52
17 11 12
52 43 37
3 10 51
4 50 94
17 18 85
32 30 86
9 21 52
28 30 78
15 23 74
12 18 38
51 28 59
35 10 67
30 26 54
40 13 62
9 27 59
32 18 53
7 41 89
29 20 81
6 48 23
3 19 64
17 41 93
12 14 21
53 38 53
48 15 45
28 13 27
47 53 26
14 8 55
39 52 55
44 14 56
19 15 69
7 39 72
18 17 100
20 32 37
37 15 24
49 18 2
34 44 53
20 32 88
29 24 5
25 7 10
10 48 46
29 35 16
28 24 36
46 1 72
36 14 85
7 5 59
5 3 57
17 53 61
26 2 78
50 10 74
5 28 67
6 16 38
34 12 32
46 50 66
15 19 91
38 48 7
41 20 40
33 34 36
29 26 56
5 1 93
19 28 93
3 17 8
36 28 32
26 42 76
47 14 4
24 20 67
29 6 69
22 29 56
48 36 7
17 35 50
46 40 96
8 46 68
3 24 74
16 14 90
18 13 58
43 46 5
10 18 75
53 21 56
24 3 73
7 23 70
31 6 23
29 44 59
50 30 78
11 37 16
8 26 78
53 36 9
28 41 21
25 14 45
15 29 78
15 24 80
8 53 37
41 26 84
34 15 79
27 39 22
52 38 69
20 4 3
16 42 93
27 50 96
14 13 66
12 49 76
8 49 51
49 29 7
41 23 10
48 17 52
13 16 39
18 48 11
22 4 56
15 5 97
37 11 95
8 28 75
1 17 34
21 39 26
20 36 70
16 33 32
43 6 36
15 43 69
45 5 54
30 14 2
22 33 78
20 15 29
39 45 4
44 53 92
16 24 11
26 50 12
11 19 25
35 12 24
17 28 83
52 22 83
47 37 85
24 39 83
17 13 50
38 51 59
2 40 69
2 45 53
51 8 70
5 45 38
28 50 77
39 43 24
30 8 12
11 43 28
1 36 38
47 4 66
37 21 90
15 25 11
2 38 64
45 5 68
12 2 84
17 3 31
52 44 92
51 44 70
7 39 70
15 3 21
36 3 44
2 3 8
25 6 69
23 6 26
46 38 97
52 3 58
39 53 95
49 9 66
34 41 24
53 35 21
39 2 68
5 18 29
41 49 80
32 2 98
5 19 99
5 13 14
3 42 83
13 41 20
14 26 37
26 11 31
19 43 76
18 31 36
44 51 54
47 40 85
4 19 21
35 10 90
32 44 11
11 44 92
21 34 8
39 21 74
13 4 16
46 37 58
3 40 29
29 31 19
28 22 40
45 36 99
24 40 78
22 1 99
30 20 81
14 10 64
13 22 42
42 7 16
21 28 48
3 13 29
22 1 58
5 26 73
49 7 97
6 22 67
38 20 61
33 42 32
1 7 24
53 20 8
42 23 28
48 3 81
46 38 92
23 14 19
47 8 48
42 3 18
41 36 40
30 6 57
1 21 5
49 51 1
21 43 93
52 9 37
13 21 13
10 33 90
14 37 2
46 50 2
3 27 67
16 46 69
53 27 92
28 25 16
2 50 92
24 12 67
50 39 99
39 44 1
44 47 18
50 51 69
20 39 45
45 21 93
25 28 20
21 6 51
20 8 47
48 44 66
24 46 67
33 38 78
26 52 97
43 29 8
38 32 81
6 48 74
25 7 36
22 39 4
16 10 16
25 9 56
33 3 32
22 17 21
14 32 67
37 44 43
34 3 91
9 27 13
33 42 11
3 25 34
5 13 20
39 47 89
12 27 78
26 15 18
36 44 83
12 37 100
3 19 58
10 13 81
1 26 92
48 36 76
37 10 32
31 53 78
39 3 2
20 35 10
53 35 52
40 4 85
18 2 11
24 44 32
22 18 31
25 39 54
48 20 61
27 12 64
1 44 12
43 42 30
34 26 11
6 9 58
47 21 50
44 26 76
47 53 51
27 41 24
29 3 61
10 1 16
40 48 31
51 3 4
23 19 1
11 51 79
24 36 36
49 24 13
24 47 93
42 8 28
46 16 79
43 32 48
27 49 56
53 29 83
5 50 76
25 14 65
26 19 89
8 31 29
51 15 22
48 18 55
4 8 66
19 21 5
37 20 37
18 22 82
29 12 32
36 32 91
19 37 16
38 18 91
6 12 10
30 21 46
40 14 89
29 46 30
14 22 45
53 5 7
5 53 35
50 20 24
24 50 49
7 33 67
17 50 23
39 53 35
7 53 36
10 29 100
36 47 72
20 18 22
6 14 30
25 39 38
37 22 76
47 45 24
34 13 12
25 53 21
36 18 5
5 29 66
32 35 74
40 41 48
33 6 37
5 21 22
42 50 1
37 15 91
43 15 57
20 42 14
16 2 84
7 42 37
49 24 81
39 25 73
30 38 7
16 10 58
43 39 1
52 32 81
6 44 97
38 25 71
34 48 96
42 51 62
38 40 65
9 53 43
39 35 43
28 47 83
51 53 91
5 1 19
31 22 42
14 30 47
48 9 61
21 3 54
43 3 84
32 8 53
16 20 49
40 48 51
7 3 15
2 46 52
51 53 39
44 45 97
14 17 65
34 36 23
49 29 71
2 52 92
20 1 37
52 51 48
38 37 84
19 40 90
4 13 8
48 31 51
2 36 38
9 45 13
51 10 86
48 21 53
43 46 16
25 6 9
27 47 28
20 4 62
38 47 15
51 4 69
12 15 99
49 4 50
53 20 31
6 2 8
20 15 60
36 20 45
43 8 26
31 16 52
21 42 98
16 14 9
8 38 40
19 46 49
14 40 96
19 35 30
19 16 69
43 4 27
22 1 21
44 46 86
41 40 19
41 28 25
7 22 46
46 34 60
24 38 94
7 35 82
15 38 57
41 13 11
11 13 20
25 24 52
23 12 24
3 24 51
15 25 18
51 43 1
43 48 24
45 28 62
19 25 68
16 40 62
34 31 30
44 29 75
21 11 75
23 1 34
51 43 19
27 32 18
31 20 57
15 34 18
26 25 40
1 18 78
8 10 48
18 24 62
33 29 10
22 6 97
47 14 62
1 44 52
21 11 77
29 32 36
19 25 60
39 31 20
27 36 15
31 25 66
9 30 66
48 52 3
10 52 99
39 27 78
19 21 56
27 10 63
50 14 99
37 46 10
17 50 72
42 49 59
32 39 87
43 29 29
25 22 69
31 16 60
9 18 7
3 19 36
49 39 2
51 41 45
48 24 15
8 49 65
43 26 14
35 1 63
29 19 5
42 14 1
36 5 34
30 6 11
26 24 4
8 34 84
24 47 48
53 2 11
12 14 71
8 35 66
2 25 63
14 4 95
52 11 76
46 43 87
37 18 51
23 19 69
18 50 93
16 9 22
5 50 99
50 3 91
21 48 6
3 20 98
29 43 80
35 45 56
42 10 57
43 47 77
25 17 13
39 24 12
20 11 67
9 52 50
8 36 76
24 31 100
38 35 96
31 48 89
51 22 62
47 44 81
38 28 34
29 14 61
37 5 37
47 16 72
47 9 44
40 36 21
40 46 97
42 7 24
25 10 55
51 35 95
39 45 95
18 1 34
50 10 85
50 30 15
1 53 88
31 52 38
14 4 24
47 36 28
26 47 43
44 27 2
37 20 53
52 14 27
6 2 78
11 13 67
53 7 29
42 5 18
51 6 76
13 17 89
18 46 82
48 13 97
52 36 55
28 2 48
32 34 65
18 37 40
44 46 38
31 53 22
12 51 13
5 19 61
53 35 69
19 25 73
46 27 43
35 36 38
29 33 34
46 49 10
49 36 37
36 47 73
37 16 9
19 5 75
2 21 2
40 39 74
29 10 36
27 6 50
46 21 86
25 38 34
23 8 56
51 18 26
20 50 21
14 25 49
15 42 7
19 23 53
53 40 55
48 6 1
11 43 53
9 13 93
48 47 52
15 16 83
37 16 68
25 33 75
49 46 64
11 18 93
45 25 19
14 4 47
13 22 58
29 42 50
7 21 66
23 10 48
7 48 42
52 26 62
6 50 33
29 6 3
11 37 13
34 14 4
51 20 65
42 10 2
47 40 30
40 8 78
19
6 33
1 4 55
1 3 30
1 3 91
5 1 59
3 5 52
6 5 53
6 2 1
4 3 63
3 1 36
2 1 99
3 4 69
4 3 5
4 1 25
2 4 62
1 2 87
3 6 90
6 2 22
4 2 79
2 5 86
5 6 32
3 2 95
6 4 45
5 6 1
2 3 46
3 2 34
2 1 91
2 1 41
1 5 64
1 4 19
1 4 92
4 3 10
1 4 55
1 4 16
3
38 716
25 10 86
34 19 48
36 19 48
17 24 61
20 5 8
28 23 34
27 25 85
13 16 4
27 11 71
29 6 88
36 18 22
3 9 6
8 26 13
3 8 70
1 4 100
2 24 50
3 22 45
9 25 20
6 25 10
11 6 83
7 12 80
23 19 43
6 20 66
3 31 93
29 30 21
32 14 32
1 34 74
6 29 94
5 18 29
8 17 83
29 31 39
14 34 38
21 30 54
18 21 55
24 17 62
27 20 10
25 30 3
11 17 48
24 36 86
31 1 66
6 10 28
19 13 29
19 24 73
17 22 77
30 13 11
10 13 32
4 13 67
19 26 50
26 1 15
18 34 31
19 14 87
22 15 76
28 37 51
23 10 76
33 8 92
2 22 66
25 29 86
6 26 95
19 37 88
31 34 20
10 37 65
25 29 31
31 28 47
30 8 54
34 36 19
37 20 45
8 5 19
3 19 25
37 38 42
27 34 63
25 1 26
24 8 37
2 7 27
7 13 43
4 5 64
18 4 88
33 14 71
7 25 65
15 25 53
19 14 68
4 36 34
17 35 20
26 6 19
35 25 72
15 31 98
37 20 11
10 20 20
34 36 36
1 36 83
17 15 50
30 37 11
22 35 53
11 5 21
37 13 5
26 13 10
21 24 48
35 7 9
25 30 50
29 5 20
34 26 79
10 17 43
16 6 91
21 28 56
14 37 70
26 20 7
20 25 72
36 24 20
37 7 82
22 16 76
29 13 38
21 12 94
34 10 79
23 30 73
5 14 93
17 8 64
29 25 72
29 3 28
13 22 67
18 8 27
12 15 22
15 7 61
7 35 3
10 16 64
29 13 12
6 7 54
1 28 41
23 38 70
25 21 31
36 6 43
32 29 82
16 2 81
24 13 94
29 31 87
21 11 80
5 3 93
37 14 13
34 16 31
4 27 92
5 4 83
13 26 3
27 36 6
11 16 22
2 36 83
31 22 33
23 14 49
23 26 98
4 33 31
9 35 80
37 7 95
32 34 13
23 7 79
3 35 37
20 34 84
28 21 6
23 1 47
20 35 7
18 32 30
14 6 5
2 37 57
35 19 57
16 8 48
4 35 99
17 24 30
20 32 3
10 20 32
30 38 56
21 23 58
24 28 59
10 28 56
22 23 66
16 28 48
9 34 13
38 35 28
2 37 56
9 25 7
30 21 17
7 3 26
11 34 67
16 7 17
11 15 83
30 17 52
30 29 51
1 34 68
12 20 68
17 1 38
3 28 59
3 32 6
7 19 50
38 5 44
5 7 40
19 21 58
24 5 49
2 16 60
16 35 73
17 28 14
12 31 66
35 28 81
15 22 70
17 22 10
19 13 38
36 23 52
22 32 24
26 23 94
36 27 30
23 24 36
26 27 6
30 12 48
38 17 9
20 3 2
6 20 11
8 9 93
29 5 45
37 7 42
5 13 4
35 26 20
15 19 93
27 8 93
22 14 4
35 10 55
9 27 3
36 11 23
7 1 47
23 22 94
14 5 28
20 1 27
31 25 74
10 27 83
15 33 53
20 33 79
3 37 64
5 22 2
20 26 93
25 6 13
13 17 82
16 38 21
8 32 61
36 18 1
7 20 16
21 32 48
33 32 2
32 19 40
17 7 57
15 23 52
10 37 88
34 22 76
2 31 78
3 16 11
35 38 66
21 19 26
6 38 90
7 17 75
23 30 96
18 6 64
7 17 97
27 32 91
15 25 3
1 31 60
38 4 64
13 30 4
26 2 76
31 34 93
35 28 28
25 2 72
9 33 37
19 35 62
1 35 23
14 28 39
27 25 66
27 34 39
19 14 77
33 10 96
22 35 22
10 1 88
34 16 36
4 35 6
36 31 25
11 19 39
19 32 2
30 1 25
17 27 38
17 13 33
16 23 47
31 13 6
16 32 24
19 5 17
33 36 1
16 10 91
24 1 10
37 5 23
35 30 44
21 35 68
32 25 44
28 19 52
36 32 18
31 3 72
34 36 49
37 16 45
18 37 3
28 5 85
22 24 87
21 19 61
37 36 58
4 16 45
22 18 51
8 11 34
3 16 41
33 19 66
4 15 85
13 11 61
28 36 78
31 6 16
9 5 31
38 19 67
2 36 64
24 18 20
22 29 9
31 21 41
18 7 33
14 35 12
16 14 52
11 29 88
30 20 12
8 36 74
32 37 87
35 30 97
23 28 100
38 10 7
12 27 10
18 16 39
26 23 32
18 22 40
24 19 30
32 38 84
15 16 4
23 10 30
20 13 47
22 12 89
13 31 35
3 32 99
18 9 14
9 37 15
21 19 80
6 12 72
15 16 28
27 35 51
8 7 19
38 28 9
24 31 48
36 18 46
30 26 33
17 28 66
2 28 43
32 24 51
32 38 16
27 3 87
3 20 15
38 22 33
33 9 92
2 33 96
26 30 85
20 29 23
31 28 8
24 7 44
32 4 86
16 13 60
11 38 68
15 22 38
18 13 50
24 3 82
29 35 33
28 22 80
28 15 46
5 1 98
26 21 13
18 17 8
28 1 24
7 32 95
35 4 74
8 1 88
33 34 1
34 5 75
11 29 65
30 21 77
27 20 72
19 29 44
35 31 56
1 10 79
18 13 31
30 9 35
12 24 60
32 17 51
4 28 29
23 34 30
31 19 83
7 30 41
26 15 94
23 4 9
9 36 84
22 29 97
18 14 78
11 12 90
35 33 52
38 14 7
22 23 5
15 9 91
33 7 65
8 32 13
38 9 38
12 27 9
23 34 43
28 31 56
22 5 35
3 30 61
16 30 31
14 26 39
17 3 51
22 5 70
2 24 58
35 36 1
7 1 60
13 6 1
23 13 68
26 5 100
18 24 43
24 34 30
3 12 13
12 15 58
32 13 3
11 35 92
16 32 88
2 6 99
8 29 59
3 25 76
7 36 83
34 2 96
16 1 4
25 34 53
37 19 5
10 5 35
27 15 71
17 13 91
9 31 65
10 29 16
38 26 23
26 1 24
27 10 54
30 7 18
25 27 51
25 23 43
32 30 44
6 27 60
5 15 21
17 37 98
34 17 88
18 36 52
34 14 7
18 1 47
9 17 79
35 7 54
6 18 73
1 9 97
25 10 59
11 14 93
6 18 19
17 36 32
3 27 55
8 29 84
28 10 19
12 7 15
6 30 33
15 14 92
31 14 100
4 5 73
35 3 52
20 10 74
18 1 51
26 22 35
21 4 73
23 27 26
17 19 75
32 36 52
30 4 35
34 31 87
10 35 29
31 20 43
20 25 93
7 34 92
29 31 9
17 12 48
26 27 76
12 19 6
17 23 57
20 27 78
31 37 41
5 33 51
7 28 48
34 15 12
18 25 86
6 17 84
10 9 98
16 20 69
26 19 36
38 33 46
25 36 59
14 34 81
8 35 25
2 1 90
24 11 4
25 3 69
34 23 31
17 37 30
13 18 29
20 7 10
23 34 22
8 34 62
33 12 84
33 18 9
3 28 2
28 18 11
28 19 93
28 9 45
2 1 99
29 26 9
20 10 92
8 2 3
26 7 49
27 28 68
35 29 27
27 19 40
18 20 14
10 33 28
30 2 90
12 5 67
25 34 64
31 14 21
24 3 33
12 6 9
31 14 27
16 29 51
38 4 83
38 5 6
11 26 100
12 14 93
38 33 92
6 1 63
31 22 7
16 25 53
33 3 15
7 8 5
6 31 8
22 10 30
21 11 2
38 29 71
9 33 72
29 28 33
26 22 35
27 16 70
32 13 19
31 28 75
16 24 12
27 28 91
32 18 16
1 28 98
15 23 22
17 32 53
25 7 67
25 2 26
36 13 37
30 21 24
17 7 94
8 10 49
31 27 43
14 1 10
10 14 16
13 37 53
32 20 87
14 5 81
22 29 83
18 8 86
28 27 8
7 13 8
22 23 80
29 22 67
16 20 3
23 17 26
5 31 72
30 2 55
18 9 28
8 4 52
20 29 77
29 23 7
12 8 90
31 24 83
13 9 39
16 31 48
23 37 87
29 27 56
26 6 12
6 30 69
30 33 20
23 8 68
30 1 37
26 25 37
30 3 78
14 25 54
38 18 29
34 36 41
17 9 29
17 16 20
28 13 80
11 8 33
15 22 7
22 33 12
34 28 75
37 38 32
4 36 60
31 11 74
21 19 47
31 13 31
18 22 70
21 15 9
20 16 99
34 29 55
29 19 53
32 16 7
28 33 8
13 16 86
26 7 67
10 36 65
26 32 12
33 19 3
17 14 69
25 15 2
31 4 83
10 11 58
17 32 33
8 3 78
32 35 3
3 10 70
32 13 32
17 13 69
14 6 97
33 14 20
38 22 51
15 35 21
24 14 61
17 2 35
15 31 53
10 26 36
13 2 6
8 7 4
7 29 79
7 13 33
30 14 7
9 15 23
7 28 23
6 8 28
26 37 92
11 32 38
18 13 95
4 23 61
21 13 44
16 29 92
37 23 91
33 17 14
15 8 29
16 7 56
32 29 24
4 34 100
35 18 21
6 32 40
9 29 63
17 8 89
10 18 82
21 17 13
4 20 68
4 13 69
33 6 85
30 28 68
38 21 97
22 12 70
2 19 28
4 14 74
9 20 16
27 9 82
37 30 61
21 7 78
7 25 57
35 22 25
23 18 87
22 5 79
30 4 64
30 15 77
20 5 16
15 24 62
2 28 67
16 9 49
11 10 15
33 27 33
29 11 31
31 36 48
14 32 75
24 3 91
10 14 31
22 29 60
2 18 48
29 17 57
21 12 8
17 21 34
28 23 14
3 8 38
9 5 76
2 32 36
36 32 25
26 1 8
24 31 44
31
6 18
6 5 57
5 2 9
6 2 31
5 4 78
4 1 91
3 1 95
6 4 46
1 2 28
3 2 83
1 4 36
1 4 10
4 3 51
4 5 3
1 5 19
2 5 17
5 3 35
1 5 37
4 6 3
5
35 374
29 33 70
11 32 38
1 28 65
28 7 47
24 27 80
16 23 75
18 13 31
31 14 30
30 4 36
23 10 94
35 25 58
25 12 30
15 20 69
3 8 63
15 5 8
19 13 64
16 30 73
34 17 7
11 32 66
17 3 93
14 6 73
13 3 93
18 22 29
20 12 42
5 3 49
1 18 4
3 31 9
12 9 91
14 33 17
31 35 69
6 21 47
18 11 80
6 3 97
22 17 33
25 13 41
28 4 50
2 6 23
34 6 23
21 2 51
30 4 42
33 12 83
6 28 4
32 5 28
8 18 63
9 14 30
32 3 95
7 13 69
12 30 27
25 18 10
9 6 1
21 3 84
28 22 3
33 31 63
2 8 46
23 1 37
29 23 91
29 23 1
3 22 81
19 5 24
1 6 61
14 23 2
7 22 52
8 28 99
25 23 29
13 19 7
2 25 14
31 9 23
2 20 39
31 16 86
3 4 93
8 23 41
26 6 1
27 19 100
1 26 9
30 25 19
28 21 65
10 1 35
9 30 2
30 17 47
27 26 44
11 5 54
4 32 95
30 32 1
20 6 52
29 18 82
5 19 22
13 23 28
16 31 1
17 31 66
17 4 73
1 8 59
1 9 41
21 18 54
1 4 7
4 23 39
25 9 82
24 8 16
25 18 90
12 25 12
1 23 23
9 5 14
9 26 79
4 10 22
4 11 52
26 7 89
9 30 11
15 29 37
15 17 22
26 7 82
35 2 14
28 2 42
16 11 25
21 14 42
26 28 65
29 23 27
11 12 48
5 12 68
27 7 16
28 16 2
9 24 48
17 24 20
34 19 8
13 7 2
24 20 66
3 32 11
2 1 33
9 17 27
31 32 95
1 18 85
20 26 28
8 19 26
14 24 41
27 23 86
20 1 56
20 30 71
16 35 26
28 12 83
5 3 34
8 10 86
33 6 39
9 5 59
9 20 57
21 27 100
1 7 51
18 32 80
25 14 96
25 29 51
9 34 34
17 5 24
22 23 10
28 2 68
27 21 56
25 34 56
9 21 54
34 29 67
20 4 79
20 22 53
33 24 26
23 16 92
5 4 16
30 23 40
32 10 96
25 30 95
10 2 100
18 29 84
33 29 48
3 8 95
26 4 10
22 20 37
23 2 48
29 10 54
17 4 67
31 32 68
8 18 2
6 19 86
23 13 77
15 34 76
29 3 78
31 34 10
34 24 41
26 4 18
18 16 52
27 14 88
21 7 98
33 27 100
31 29 100
34 7 85
18 32 13
7 24 63
31 33 4
22 10 98
33 13 91
2 15 81
17 7 65
33 20 27
23 29 48
22 16 48
30 5 21
20 12 45
12 25 66
31 9 36
7 32 24
11 35 64
5 14 54
27 5 43
2 4 88
3 16 93
9 6 62
9 32 1
13 10 84
10 6 47
11 5 43
1 21 8
16 17 98
22 35 60
4 31 12
7 22 92
30 14 75
32 29 85
14 29 21
16 29 85
18 10 85
5 29 1
5 12 91
3 30 12
27 22 70
30 25 34
16 4 78
34 10 76
11 1 29
4 30 80
1 3 19
20 4 95
7 23 55
8 1 6
15 21 40
19 17 74
10 18 41
5 33 5
26 21 62
20 8 16
8 5 17
12 2 22
20 29 2
32 13 43
16 32 50
5 9 74
10 13 35
12 11 24
13 28 92
11 18 25
1 25 54
24 31 37
12 26 35
3 19 8
9 32 80
17 13 8
18 25 43
1 4 47
30 15 25
7 3 25
32 25 80
20 2 42
20 2 54
6 15 19
26 7 43
30 20 34
2 33 36
1 35 77
28 8 31
31 26 64
12 25 27
29 8 10
25 30 44
33 35 5
2 27 85
18 35 58
20 33 42
29 15 80
4 14 89
18 12 96
32 30 84
17 18 41
6 27 28
27 11 43
35 15 27
24 11 5
31 2 85
8 9 81
29 27 30
3 35 4
29 14 88
29 3 55
21 11 81
7 33 3
14 22 7
25 31 66
12 17 22
18 25 91
18 12 91
26 35 43
6 11 36
2 1 54
17 1 86
8 13 83
29 24 34
19 29 65
27 6 47
3 29 79
27 30 66
20 2 27
30 24 90
5 11 68
11 26 27
3 27 4
14 22 38
22 30 26
14 8 8
15 19 10
14 33 9
31 6 84
9 14 11
26 24 9
15 34 24
33 29 100
12 22 65
16 3 50
34 24 95
26 15 57
5 24 26
27 14 22
5 29 10
2 32 97
16 2 55
12 30 2
34 26 4
23 24 16
12 23 95
35 2 61
4 29 74
26 27 4
4 31 48
8 2 96
34 1 100
13 10 64
4 2 26
11 35 33
11 12 100
17 31 59
8 25 28
24 8 84
24 16 84
29 9 70
17 15 98
21 24 30
27 29 85
19 29 20
29 12 89
32 28 87
8 18 60
1 13 99
22 21 74
20 10 90
12 32 8
30 15 44
1 5 66
16 20 78
20 5 84
23 31 67
20 3 26
7 23 56
15 32 27
35 7 59
21 18 45
28
4 6
4 2 94
1 3 43
4 1 84
1 3 89
2 1 7
1 3 31
3
23 396
22 19 50
18 1 62
14 10 69
11 14 26
3 14 10
18 12 7
21 17 20
17 4 55
11 22 11
22 20 96
8 19 43
18 17 44
22 3 50
9 15 68
16 7 20
11 5 12
19 17 68
15 13 76
22 2 34
23 13 90
11 10 34
12 17 97
16 10 48
13 22 20
18 16 63
9 13 75
3 10 28
14 17 2
20 8 15
23 7 45
6 2 59
6 15 26
14 12 97
13 14 23
14 13 66
19 4 6
20 1 30
20 23 53
21 11 74
18 15 60
5 1 15
14 10 49
10 14 41
13 1 79
4 1 63
18 15 99
5 22 71
23 21 60
10 8 98
1 17 72
9 5 59
12 23 77
12 23 40
21 2 72
6 17 51
23 3 22
5 22 52
23 17 86
9 8 45
12 8 49
4 16 71
17 2 74
23 12 88
7 5 85
15 13 86
18 23 20
16 2 21
17 11 49
22 21 68
19 22 22
11 13 51
21 11 52
12 6 7
14 17 79
22 2 75
21 9 14
2 21 68
18 7 98
4 5 25
14 22 34
2 16 32
2 8 47
13 5 29
4 9 76
20 14 96
2 20 60
3 14 4
17 8 5
15 1 51
19 6 70
18 7 35
23 4 43
17 7 53
19 8 36
16 22 59
15 18 62
20 9 62
16 7 50
10 13 3
3 12 62
2 4 12
5 17 34
23 19 11
20 21 73
15 16 79
23 1 71
14 8 23
7 4 80
8 9 42
14 13 14
20 9 12
9 12 92
21 19 6
15 5 99
18 3 57
14 4 64
14 21 36
1 4 78
18 13 23
7 2 90
22 11 52
19 13 39
20 19 69
4 12 91
4 1 46
20 1 94
16 2 75
19 4 58
13 2 19
1 4 76
16 2 25
11 8 4
15 4 35
16 5 100
1 9 16
17 7 91
2 3 6
6 10 30
12 20 85
15 12 9
5 6 96
11 1 22
14 22 1
16 7 50
19 12 42
15 7 20
15 20 1
15 21 32
11 18 8
4 6 44
10 9 72
12 3 36
17 15 23
21 10 68
3 4 65
19 2 96
12 15 4
4 14 2
9 19 95
4 20 25
17 16 56
21 12 10
5 19 26
5 6 89
1 16 15
6 11 60
17 14 48
12 7 5
5 1 86
10 14 74
22 1 16
9 6 97
18 14 21
8 20 84
10 19 25
1 3 62
22 10 74
14 9 7
21 12 32
22 15 58
5 13 21
3 22 50
3 15 4
19 13 67
13 1 81
4 6 25
13 5 51
2 22 21
16 17 85
9 22 46
12 16 10
12 20 85
8 22 61
9 22 76
14 5 7
6 1 83
8 4 69
6 3 69
21 3 26
3 23 79
9 10 11
23 19 43
6 14 91
16 13 8
20 10 39
12 23 35
4 20 39
20 3 81
3 14 92
17 6 14
4 5 50
7 8 4
10 16 64
19 23 44
13 21 3
14 10 80
1 7 41
5 21 45
12 5 44
5 22 38
22 18 95
5 16 72
22 2 84
1 8 15
15 6 77
16 22 45
5 4 74
22 12 64
21 18 66
9 23 61
3 23 80
20 16 34
11 22 83
8 15 27
12 21 61
18 20 78
15 23 38
20 14 12
10 1 90
10 18 90
14 21 85
14 7 59
13 2 31
17 11 37
13 22 72
17 5 40
18 7 90
13 19 42
3 5 56
12 8 78
6 12 15
8 12 73
16 23 29
12 1 54
17 3 63
3 10 72
22 6 81
12 22 42
13 15 46
13 12 25
3 16 52
10 14 57
12 9 52
7 5 58
19 11 4
20 22 49
20 14 20
16 12 40
15 6 86
20 10 30
4 2 35
18 19 97
17 10 9
15 22 30
7 18 41
16 3 21
14 9 11
2 14 26
5 10 50
15 12 5
21 7 89
22 19 20
3 1 19
17 8 18
20 12 7
20 1 74
18 5 10
21 1 75
15 7 73
16 22 69
7 17 83
21 7 58
14 5 19
10 12 64
11 3 78
11 21 86
20 18 56
9 5 54
23 17 66
1 15 100
20 11 4
12 22 64
18 20 26
10 11 71
14 13 68
3 22 89
5 23 13
1 7 38
10 5 13
11 6 71
15 8 11
23 1 84
17 23 19
1 12 68
18 15 81
9 16 4
16 18 87
3 2 60
9 7 47
13 8 13
9 13 59
18 19 50
21 3 76
2 20 79
12 16 38
19 14 60
2 8 50
15 5 47
5 8 68
8 7 79
5 4 3
4 11 64
16 12 55
16 11 50
19 4 31
7 8 83
18 12 94
6 9 66
16 9 35
4 16 17
12 15 80
5 1 1
4 15 29
16 15 54
8 5 73
14 23 30
19 17 30
16 9 7
19 13 30
7 16 75
22 7 24
10 17 93
21 12 40
5 11 8
16 14 84
2 20 33
23 20 54
5 18 34
19 8 23
16 14 89
23 12 32
7 20 36
23 3 44
22 8 46
4 2 38
12 17 41
9 3 43
14 3 15
9 5 56
3 2 19
9 12 62
16 5 64
19 17 81
15 14 18
22 6 65
2 7 56
6 14 77
6 23 77
12 21 47
10 12 37
11 17 61
4 2 34
4 1 39
21 1 76
18 11 15
3 5 47
21 13 88
18 21 14
22 15 27
9 19 46
3 18 59
22 5 87
15 2 2
7 11 22
7 13 35
15 21 22
22
73 1227
6 37 40
67 27 30
25 4 12
44 33 86
37 21 74
22 70 4
46 66 11
8 72 100
2 14 29
24 46 59
44 12 98
54 31 16
49 22 41
35 70 49
25 1 21
54 15 34
50 27 87
8 50 11
57 12 9
63 20 66
42 10 26
41 47 45
15 46 23
58 32 78
32 62 61
37 66 81
60 58 32
34 45 22
70 67 33
15 66 16
48 61 50
68 48 11
18 37 75
49 70 43
70 58 25
35 66 64
52 6 40
39 56 12
18 7 26
10 69 20
11 44 24
42 20 84
31 16 85
17 71 48
39 11 43
31 51 87
33 67 95
17 35 87
72 68 92
28 55 72
53 60 37
16 40 79
69 52 74
6 51 62
22 56 20
70 44 22
44 31 87
1 23 93
17 11 93
60 30 97
73 35 47
60 64 82
42 24 43
54 50 44
70 36 85
57 13 61
32 36 15
16 9 77
42 62 61
73 1 69
59 21 4
49 9 46
28 12 41
34 52 4
64 45 56
9 22 2
59 40 67
69 42 55
58 17 75
27 16 69
27 45 43
64 47 14
13 65 54
32 29 11
48 10 1
23 47 5
33 72 58
62 22 35
2 52 4
38 20 47
9 51 87
12 37 69
56 58 61
62 48 99
49 7 14
12 7 15
13 10 16
45 64 84
31 38 83
58 6 35
16 39 31
5 7 83
20 4 69
44 21 12
15 47 85
46 43 61
30 46 12
1 46 72
4 53 61
8 5 33
23 27 95
65 39 29
57 16 39
42 22 66
71 7 42
12 30 52
54 26 31
51 9 72
9 60 57
16 45 25
42 45 35
64 67 91
68 10 77
39 25 30
41 31 26
22 13 54
51 26 34
37 1 55
18 66 47
40 1 33
45 25 69
40 60 42
40 59 71
71 21 6
46 53 66
69 20 19
15 64 84
22 15 89
7 14 84
20 71 47
26 16 51
59 40 41
62 59 97
2 73 63
71 28 91
32 52 53
66 40 9
34 44 2
54 31 92
24 25 18
7 50 30
63 40 93
29 53 88
12 16 41
38 36 25
38 66 12
36 43 18
33 44 61
11 14 33
25 66 68
49 54 44
72 53 13
62 33 40
57 2 20
56 44 27
15 5 19
13 52 31
49 45 13
50 19 77
21 16 26
9 19 32
29 63 37
28 73 57
54 65 4
17 48 68
32 54 99
53 73 7
56 70 65
29 41 96
23 17 64
20 8 72
69 4 15
48 34 31
40 72 34
63 57 8
36 52 10
54 15 13
52 59 4
56 37 27
9 52 2
33 73 91
19 17 85
72 64 38
11 71 51
18 39 28
11 20 55
63 31 62
63 20 21
21 51 11
52 59 22
27 28 5
46 14 85
68 35 40
54 53 77
72 62 19
8 18 78
72 64 87
63 3 3
32 47 64
68 40 83
69 29 24
48 71 84
54 26 86
72 37 10
73 20 60
3 57 93
32 9 93
10 23 66
72 63 9
63 70 16
3 25 7
71 17 82
23 10 47
42 47 26
13 37 3
67 40 95
30 48 73
11 19 74
17 15 22
11 66 41
63 7 59
44 33 91
34 7 56
20 16 73
46 6 12
20 73 42
40 38 50
3 48 95
8 44 27
70 62 32
29 6 97
50 16 5
59 4 87
66 56 72
42 60 72
35 53 54
68 24 54
26 61 16
24 49 22
35 62 12
45 47 39
4 37 16
37 17 3
2 32 59
52 40 95
62 3 44
4 37 83
38 10 100
48 33 9
7 11 76
16 54 79
45 19 80
9 65 9
60 44 65
48 20 75
10 33 97
38 39 18
16 3 83
39 53 24
18 44 2
35 64 93
29 69 8
41 36 67
3 27 50
59 70 38
70 12 90
52 7 30
47 46 87
30 15 10
7 73 59
13 67 6
43 27 23
39 66 30
20 5 68
60 23 5
33 24 83
8 52 26
42 31 92
26 63 17
6 47 74
11 32 89
46 66 19
73 70 88
68 6 77
55 6 44
59 21 96
22 71 22
71 56 57
46 72 84
31 27 39
24 35 92
49 20 92
55 21 100
8 14 26
29 54 67
43 63 84
13 23 44
69 19 84
35 19 37
35 38 37
63 37 40
53 34 3
67 23 10
37 35 54
1 30 15
26 59 26
45 51 78
2 45 94
45 69 22
18 39 79
42 18 57
44 16 75
71 3 43
10 15 12
5 41 11
38 42 26
19 59 54
15 12 63
46 4 81
64 8 48
63 43 56
48 59 74
49 17 19
60 22 89
22 43 79
45 22 14
59 44 60
5 70 16
25 21 65
33 22 88
73 3 36
28 53 31
66 5 99
17 24 95
25 16 41
37 64 72
9 62 80
58 48 1
54 10 21
9 27 63
38 71 35
9 43 83
36 39 70
59 13 69
36 66 61
61 62 81
10 9 37
67 25 52
40 28 30
4 40 18
3 18 23
13 25 12
24 47 97
11 39 12
66 19 54
71 30 30
23 2 40
17 9 48
47 60 33
6 61 68
36 48 16
55 65 72
43 56 24
47 16 89
46 49 17
38 21 80
66 49 15
19 71 14
27 58 66
50 19 66
53 54 65
50 41 42
36 49 42
70 21 69
7 68 25
35 66 40
46 8 18
17 7 65
23 33 64
47 43 24
15 30 3
62 72 18
9 61 54
49 27 7
38 40 2
43 33 68
47 45 65
71 53 19
28 21 38
29 54 98
34 67 27
58 31 26
28 35 22
44 72 30
15 43 82
48 29 50
14 48 57
28 37 56
23 11 15
37 32 94
70 52 91
69 7 29
49 69 39
44 62 47
39 36 89
16 26 2
37 38 100
54 51 41
27 48 74
70 57 7
57 65 98
54 65 56
7 62 81
34 36 70
30 59 9
45 50 71
24 39 92
73 15 72
37 57 42
35 72 29
22 21 66
55 24 6
4 51 60
52 61 54
23 69 100
40 2 6
63 23 60
7 66 39
42 34 52
53 49 85
32 25 78
36 11 79
20 16 87
29 1 82
66 2 80
45 13 87
2 29 60
58 73 82
5 71 10
63 72 40
63 1 82
68 49 29
11 39 7
66 16 26
28 24 9
21 37 91
60 19 48
14 29 87
66 49 77
44 41 85
56 8 94
62 4 44
34 41 16
28 50 25
32 12 63
70 42 88
47 8 82
7 3 20
53 68 54
9 20 95
41 62 5
29 48 19
60 43 59
33 5 77
28 22 22
26 4 16
8 29 17
43 8 83
57 70 29
71 26 64
54 17 46
68 39 8
16 14 75
33 25 95
10 64 29
6 71 11
55 63 95
37 38 73
60 43 86
43 50 23
35 32 7
71 49 8
46 44 27
44 42 89
69 28 72
47 39 76
23 69 95
2 12 96
41 29 61
36 56 36
45 38 19
72 63 46
13 15 27
10 5 20
27 64 17
1 70 33
25 61 33
62 70 48
70 20 40
64 54 10
72 44 62
33 14 94
54 24 14
14 49 10
60 6 23
72 16 6
47 38 28
14 1 74
42 50 83
54 39 37
51 68 19
63 66 92
37 3 91
49 36 23
4 22 63
47 31 70
44 42 57
50 56 93
52 58 19
2 42 5
9 39 44
51 32 21
65 71 75
27 18 34
55 20 62
3 60 31
49 70 19
28 18 85
14 23 15
46 68 75
30 24 7
50 31 67
66 42 27
13 1 78
7 62 76
73 7 85
60 21 3
71 15 61
30 32 78
44 64 99
59 58 64
14 8 84
38 27 45
55 33 99
43 47 97
73 70 89
24 66 13
54 52 90
25 69 11
30 27 60
54 23 98
18 16 97
30 66 73
27 51 34
15 44 94
55 30 99
38 58 40
49 46 7
18 43 66
34 12 84
24 27 41
50 65 25
67 14 86
4 23 82
47 42 74
42 30 49
55 5 98
60 65 98
10 16 10
58 68 77
31 20 18
66 33 97
31 7 43
28 15 64
18 25 100
46 6 96
13 25 55
70 30 45
52 69 55
71 69 61
48 28 98
40 1 14
52 70 51
30 48 11
20 52 24
63 6 38
62 68 80
24 69 80
28 19 58
28 44 33
73 58 67
13 68 89
1 25 42
18 27 100
12 58 59
73 37 30
2 19 75
25 49 53
52 22 79
42 72 15
73 18 90
31 12 56
20 22 44
19 66 14
62 15 10
51 21 7
18 51 21
13 7 2
39 5 65
16 36 45
8 70 95
22 19 64
60 40 95
23 49 17
38 40 31
42 2 5
30 16 15
69 67 26
27 39 44
36 58 63
65 21 97
48 70 34
29 14 93
34 32 75
24 46 58
17 21 64
73 14 47
73 3 67
19 25 66
42 50 33
15 8 44
39 10 67
58 50 42
41 11 38
36 2 96
3 54 14
4 61 97
52 9 19
59 2 91
64 36 47
53 67 26
5 59 83
73 36 35
36 33 52
21 65 39
54 43 53
14 53 86
41 46 82
44 39 91
12 50 13
30 21 95
31 13 61
33 47 7
32 34 69
44 43 70
40 67 95
59 71 18
44 58 66
24 21 72
15 5 40
66 67 55
53 50 74
63 47 28
23 41 32
13 3 24
72 35 80
42 55 87
20 54 61
21 4 45
57 56 15
31 5 39
41 64 37
71 27 29
64 23 98
18 14 47
17 58 37
54 1 76
32 26 68
52 28 13
52 26 59
13 31 88
38 9 3
48 43 40
10 4 50
8 36 17
13 62 3
8 60 99
58 26 9
65 57 76
71 38 9
65 63 54
53 30 63
64 72 59
32 69 27
8 33 56
45 42 60
29 39 83
19 1 29
5 68 21
52 25 74
19 52 32
13 42 76
15 38 45
71 31 93
60 68 92
58 70 55
37 51 68
58 11 63
7 39 59
46 50 52
4 15 24
65 50 61
1 4 99
19 24 49
69 22 88
8 70 98
12 54 28
49 36 35
22 11 2
31 12 61
62 13 77
2 73 81
13 59 13
64 21 74
27 2 68
8 39 12
35 28 63
23 51 84
26 32 23
72 15 81
12 52 73
39 37 38
52 22 16
24 71 20
58 51 4
9 69 42
2 25 54
65 5 69
40 28 66
3 44 34
57 25 16
47 64 60
26 60 14
5 33 57
23 33 6
6 46 94
1 46 11
36 57 73
66 59 14
5 45 69
34 17 83
26 8 3
46 9 22
26 54 26
50 73 7
61 17 62
23 50 100
8 59 59
41 63 71
32 63 35
27 1 71
21 10 47
29 35 90
53 4 72
68 39 37
70 5 87
18 63 62
31 65 31
19 23 40
44 3 25
43 7 97
23 67 90
50 71 60
22 19 56
47 52 35
12 70 67
30 63 88
37 41 9
4 10 14
72 6 91
11 64 65
16 1 61
23 70 6
67 8 80
55 65 15
72 14 46
9 17 48
68 63 65
52 69 15
26 43 3
5 64 75
71 38 82
18 7 37
7 13 80
61 18 5
1 72 40
17 35 81
33 59 75
25 50 36
51 49 28
4 51 43
19 22 73
55 35 28
41 19 83
43 40 100
64 25 95
18 50 54
61 7 59
10 50 91
2 72 68
35 32 34
57 25 4
33 7 68
10 55 14
21 36 7
64 24 76
46 57 12
70 54 58
44 28 78
69 30 80
19 32 53
20 6 34
56 39 6
11 42 47
21 42 10
23 12 81
32 67 8
52 63 26
16 12 14
48 14 78
16 5 74
48 49 59
56 25 38
15 61 94
13 30 31
52 26 44
14 49 47
63 19 19
4 44 91
40 58 47
21 18 77
42 66 95
39 21 77
22 12 8
63 45 65
54 49 97
18 1 54
66 65 25
33 57 48
36 65 2
12 37 99
32 37 72
72 32 45
5 10 71
27 62 61
59 27 46
23 33 92
5 59 9
38 65 19
61 36 58
29 57 22
6 36 24
23 21 67
38 30 58
31 34 49
16 6 18
70 39 9
47 42 56
57 49 50
50 47 66
47 26 92
28 8 91
53 50 15
8 62 32
29 46 53
59 16 79
53 12 72
18 33 83
22 34 9
15 59 20
59 57 10
66 38 76
47 57 30
15 60 36
73 44 40
31 15 17
13 63 55
8 46 65
32 27 13
27 38 21
47 69 50
33 44 15
49 58 66
6 56 54
9 4 54
24 22 58
70 41 78
49 50 3
34 65 69
23 10 74
27 1 50
56 34 11
21 62 96
64 22 60
73 6 38
42 3 60
69 71 40
62 15 21
20 36 45
31 39 66
12 13 39
27 52 94
33 57 76
56 35 92
32 40 95
25 58 32
32 10 48
24 48 90
24 35 58
43 48 84
56 34 50
60 34 32
28 13 66
51 43 30
32 33 41
28 43 52
69 31 1
67 32 69
72 17 32
56 45 34
22 23 19
9 31 14
45 11 50
39 8 24
70 43 6
52 10 39
25 36 32
49 59 91
61 29 93
11 52 55
66 68 34
38 5 74
57 20 90
35 59 68
61 72 73
47 50 15
24 60 40
49 64 91
25 5 15
27 40 35
37 46 15
12 39 87
65 31 55
27 57 79
25 54 58
54 12 7
6 71 35
10 55 6
21 63 93
23 58 94
2 58 63
52 6 87
45 11 85
66 41 3
62 69 100
27 3 100
65 31 11
60 8 94
49 13 91
40 56 93
14 63 83
36 16 53
70 63 72
41 56 3
21 42 30
63 17 88
69 49 49
7 14 88
17 26 80
20 23 90
2 62 69
45 12 49
18 1 39
21 11 43
44 21 33
27 62 38
51 33 35
31 55 40
16 54 61
9 17 100
14 31 3
17 61 95
66 6 56
17 50 65
56 44 82
40 70 43
43 36 86
7 63 36
68 10 93
62 65 99
60 61 3
61 13 9
40 52 64
26 16 2
25 65 38
3 28 12
66 29 78
36 45 61
25 52 21
57 36 70
39 9 80
50 47 48
52 48 52
8 30 29
51 23 3
65 64 38
16 61 8
67 42 52
5 30 92
60 3 80
4 42 14
33 71 5
65 31 46
48 4 76
8 64 4
18 66 38
12 3 53
22 19 1
32 60 50
60 23 37
38 53 97
31 17 91
21 15 26
59 49 52
64 46 10
47 56 89
63 52 78
25 54 68
4 50 36
38 26 48
65 51 48
60 49 84
70 73 17
45 5 55
27 3 27
27 4 8
21 32 48
34 72 20
26 65 21
38 10 7
29 6 93
47 13 92
8 52 44
33 21 71
20 53 39
8 38 14
62 3 33
45 12 24
42 27 85
15 1 56
24 31 62
53 44 14
53 41 68
61 43 26
50 29 27
59 23 78
40 62 48
13 54 44
18 27 64
73 66 34
65 21 53
72 73 86
61 57 77
33 19 88
29 26 73
12 62 91
72 71 86
68 60 65
15 8 7
5 6 70
60 54 37
55 35 62
37 43 50
48 63 15
48 10 29
10 44 3
8 58 55
52 7 6
61 47 40
22 69 79
57 70 63
29 62 71
71 40 23
41 11 64
21 34 97
45 52 14
55 32 68
16 35 96
41 34 75
7 42 49
26 27 5
1 45 87
37 32 95
39 41 31
34 16 88
58 54 25
72 46 12
43 33 24
66 22 94
15 9 30
54 36 49
57 27 48
48 50 68
27 29 97
56 52 41
7 38 45
40 48 40
36 71 63
12 6 44
53 2 24
29 1 8
14 44 1
47 23 49
19 12 44
65 66 84
41 70 15
65 17 25
66 67 13
70 8 53
8 37 61
51 56 43
63 72 14
38 27 68
8 39 71
17 65 60
47 67 73
37 41 72
18 63 81
69 4 86
47 69 78
32 52 51
50 63 97
69 45 12
54 56 83
68 21 8
1 45 8
73 57 60
44 20 31
28 72 13
71 62 69
35 20 28
18 2 45
7 22 74
15 24 96
45 30 90
16 25 22
51 58 94
65 16 27
42 19 62
1 53 57
61 29 29
4 21 7
5 19 60
50 5 26
33 42 58
40 49 85
67 13 94
60 51 74
13 57 38
16 47 54
32 52 43
12 46 62
9 12 24
70 26 88
71 8 50
53 1 43
54 69 95
60 63 98
24 61 33
73 13 72
32 55 85
51 28 38
24 15 5
56 53 16
42 59 85
18 39 21
13 44 93
27 11 76
49 45 82
19 43 3
61 23 83
14 23 42
69 45 39
62 26 51
11 22 95
20 4 61
52 72 36
45 6 28
14 62 85
32 62 80
9 43 31
72 6 51
7 45 91
61 40 67
67 48 29
50 63 100
13 52 46
47 34 86
58 47 21
6 1 70
18 58 67
59 21 88
54 29 39
6 35 29
54 71 37
13 23 57
46 44 62
17
