3
74 3996
34 23 50
14 65 99
17 36 92
37 70 82
54 51 2
1 18 65
7 15 51
60 8 92
14 16 67
44 67 71
39 74 48
60 18 44
60 4 69
53 61 69
62 42 31
36 29 69
14 38 24
37 42 82
24 9 64
54 23 62
29 35 58
12 38 65
66 7 72
58 55 51
8 49 88
36 49 94
23 50 53
28 49 9
24 7 43
41 16 92
25 10 8
16 73 64
2 22 62
55 24 32
67 43 77
7 10 25
63 57 65
10 18 58
56 64 74
52 66 1
58 24 18
5 18 40
56 57 52
51 73 41
28 12 48
18 9 60
42 14 51
6 59 10
16 6 26
59 10 1
63 42 77
57 46 7
62 12 14
22 74 100
39 57 92
17 68 29
42 74 89
31 13 59
39 36 96
57 20 79
41 52 48
37 7 11
49 28 35
16 14 59
45 15 16
57 51 67
53 72 83
60 58 35
2 25 22
11 72 93
22 50 23
68 67 64
31 1 50
47 25 34
5 61 26
72 12 82
22 20 37
49 69 30
63 55 68
54 51 91
38 69 85
32 11 47
31 46 12
60 73 93
50 30 75
46 59 51
44 18 60
22 52 97
38 40 42
2 45 62
22 3 10
22 9 65
41 7 53
68 44 36
32 15 73
13 74 69
64 38 22
15 59 25
13 48 65
6 11 27
32 16 95
26 21 44
51 58 49
22 18 69
39 28 32
3 7 28
9 68 38
37 40 66
27 2 83
63 52 15
31 46 91
32 67 74
50 17 13
42 70 4
25 52 98
4 58 10
4 64 22
70 26 75
26 71 60
64 66 75
40 1 40
20 2 3
74 2 47
14 32 30
71 29 74
17 10 19
11 42 3
58 65 85
6 18 31
35 39 96
51 12 80
55 46 13
12 28 81
57 44 46
57 4 15
40 74 67
46 54 15
46 8 18
53 26 97
10 55 24
28 11 87
54 41 45
61 36 64
67 38 77
67 16 35
59 30 68
8 70 26
31 66 35
41 25 80
72 37 31
63 65 9
26 30 86
16 38 83
6 59 18
50 49 48
27 39 84
37 24 23
50 36 83
38 29 91
74 46 95
5 37 21
61 20 48
19 60 68
36 52 8
19 23 39
74 3 91
22 67 63
19 12 5
30 24 88
16 61 92
50 68 26
7 45 8
18 28 96
25 14 20
41 62 6
72 52 52
11 37 64
3 47 84
67 26 76
31 12 55
51 16 18
33 41 99
11 27 88
45 15 28
17 6 59
34 58 36
37 6 50
24 5 2
25 2 44
30 61 42
53 58 46
1 32 30
55 52 17
16 1 50
70 23 70
6 16 23
56 40 68
58 57 19
74 42 6
67 4 98
13 15 82
11 57 43
20 23 64
17 19 11
12 37 7
44 74 65
28 32 88
10 53 1
35 34 3
13 52 53
7 33 33
11 55 77
15 26 20
71 33 28
72 25 44
23 1 23
37 2 2
29 45 61
52 37 2
11 57 40
5 55 24
50 4 84
73 68 5
19 46 44
4 66 76
14 54 85
44 47 40
5 30 54
15 28 65
30 70 83
27 42 35
36 47 24
47 2 80
6 69 53
52 2 35
33 7 81
54 35 37
42 5 57
32 66 90
33 58 69
56 5 31
7 16 72
45 68 73
69 8 84
48 61 46
6 27 94
33 60 19
38 15 70
10 53 40
41 1 79
19 8 70
29 65 25
67 28 6
64 28 32
55 59 72
28 32 99
61 8 12
49 48 70
8 56 16
11 30 79
27 47 38
68 39 24
71 70 89
63 22 82
17 15 1
34 48 16
67 41 55
27 14 23
72 8 66
37 56 96
24 13 72
67 8 3
40 1 73
9 13 45
68 48 64
7 46 80
44 27 53
70 29 68
57 60 24
47 68 5
37 73 50
42 44 52
21 51 84
38 72 70
51 67 39
39 20 67
5 74 91
18 61 97
36 35 94
24 15 33
69 62 60
70 5 93
62 60 1
73 62 77
22 53 22
54 23 45
29 18 14
37 72 98
40 12 32
17 40 92
52 15 93
45 68 71
48 70 94
46 41 85
47 23 97
65 10 29
24 68 60
48 54 77
47 32 31
44 19 29
55 33 79
31 34 36
43 20 49
43 3 52
60 6 55
42 59 1
27 15 53
16 11 66
48 18 98
23 70 37
15 27 95
37 1 3
65 34 38
74 4 20
35 41 10
38 8 61
63 61 78
69 37 68
7 34 41
68 52 74
54 48 30
73 58 13
7 47 8
63 6 79
47 26 19
59 27 19
31 7 25
1 22 93
14 21 44
34 45 77
55 63 26
6 59 15
16 66 60
9 22 94
39 11 26
2 31 23
48 40 32
41 30 42
54 3 22
41 72 68
38 34 59
67 38 6
14 68 21
3 42 89
74 58 48
70 71 79
52 69 11
58 21 21
42 44 51
53 18 73
3 40 65
28 39 62
66 43 100
59 24 11
71 23 35
41 35 26
38 66 35
3 42 58
35 32 29
38 5 71
66 36 39
3 71 78
36 57 56
17 34 26
60 57 10
55 32 75
39 19 43
63 56 59
25 3 29
50 23 36
60 1 56
63 70 19
52 3 17
44 17 81
46 14 61
28 4 6
28 61 29
44 49 19
62 37 95
54 44 70
63 55 89
13 68 29
1 69 90
64 57 87
67 3 23
53 39 92
36 60 54
57 26 49
29 37 28
51 1 98
4 22 16
58 57 20
65 37 29
41 63 74
30 62 64
61 41 55
66 48 78
72 11 76
14 38 62
72 38 71
29 36 51
8 42 85
26 64 38
38 39 40
56 8 58
5 16 55
20 69 98
58 23 46
49 9 93
60 61 7
1 11 72
71 40 85
62 29 47
63 35 89
16 13 30
46 63 1
33 38 90
8 1 66
11 18 45
54 73 7
66 32 43
71 48 34
73 32 33
51 12 21
19 68 90
31 19 12
52 8 4
19 17 47
58 18 2
53 44 13
70 73 67
54 12 15
24 36 77
25 40 26
41 58 62
16 28 84
3 64 90
5 70 69
22 56 82
7 24 84
8 56 2
45 55 52
57 40 54
24 9 82
55 49 57
41 59 27
15 46 69
63 38 49
24 60 91
73 45 35
69 41 68
54 72 70
70 5 62
61 21 65
9 52 65
71 27 43
61 7 10
12 54 91
24 12 55
59 55 89
52 50 75
7 9 33
43 8 63
5 9 23
26 33 54
60 66 34
45 55 18
31 33 83
74 4 42
73 48 28
65 66 84
7 25 34
38 25 36
52 63 14
26 42 89
36 59 7
49 73 81
46 54 77
16 38 18
32 12 1
18 61 8
55 47 66
52 21 35
54 48 16
42 13 41
47 3 70
60 52 78
14 35 59
15 7 100
41 43 33
45 35 63
2 58 56
10 73 44
22 60 64
44 27 6
49 59 8
26 39 33
12 14 85
17 23 25
45 62 79
13 1 20
50 45 13
49 4 15
70 1 95
26 7 27
72 42 24
61 40 100
7 2 66
50 30 94
46 30 95
42 23 19
61 33 21
11 12 64
38 51 95
63 19 4
37 25 44
47 63 93
35 62 38
26 46 69
21 31 63
44 69 22
34 45 14
45 4 25
7 37 45
28 12 35
3 70 98
21 54 46
63 70 4
44 46 15
21 36 38
18 69 27
18 49 30
1 59 70
61 63 46
30 3 19
35 37 41
30 20 82
68 5 92
26 13 10
37 70 11
8 67 45
1 54 12
7 5 45
59 74 52
48 5 36
34 35 1
11 30 92
47 63 72
26 20 40
70 4 74
71 7 73
57 55 16
63 17 90
69 70 44
14 46 75
25 68 84
20 18 12
18 62 36
38 59 11
45 72 51
21 58 90
68 66 21
6 15 12
26 50 17
26 21 38
66 30 26
58 49 24
30 36 82
58 8 1
52 6 85
60 40 28
49 7 88
42 7 17
5 73 41
22 67 22
39 58 9
37 13 9
59 38 20
66 44 35
56 8 23
63 37 84
45 55 6
48 9 64
9 54 90
12 44 26
36 47 33
46 18 44
50 69 88
66 45 32
74 52 5
47 41 31
32 69 84
64 3 55
69 44 46
71 30 62
64 23 6
9 17 59
44 66 72
17 2 64
58 4 76
13 36 85
16 22 55
20 14 16
57 30 68
59 16 61
45 65 4
54 70 58
25 24 21
3 52 4
55 67 6
59 42 34
5 70 55
10 49 37
74 66 80
63 46 35
38 53 24
33 11 67
15 39 14
7 35 77
14 10 39
59 30 67
19 46 43
16 45 82
27 71 2
73 13 90
28 56 98
5 7 2
72 23 51
28 46 13
27 3 93
22 15 56
15 18 67
59 65 84
23 10 62
6 35 87
24 20 52
51 28 88
53 27 2
16 70 85
36 9 7
65 53 69
59 25 19
62 2 91
60 11 88
72 25 19
5 46 41
18 21 90
16 25 29
19 40 63
44 60 89
2 16 61
55 43 25
56 35 32
18 64 36
1 10 83
17 25 26
49 8 31
9 29 30
74 15 22
10 48 89
60 12 16
73 60 35
12 23 8
38 37 57
47 9 58
4 34 18
26 56 77
18 53 25
21 35 26
3 22 81
36 74 6
52 53 26
15 68 95
39 37 3
74 29 57
3 31 5
9 27 77
17 5 3
56 29 42
28 6 29
68 3 82
39 18 48
20 21 76
65 71 33
53 47 5
66 36 54
68 45 90
5 65 91
11 31 4
6 54 50
3 58 10
30 62 54
1 8 37
51 9 23
11 69 13
42 56 38
53 67 93
73 45 18
23 47 90
73 74 12
21 37 64
12 63 39
73 20 27
52 6 76
5 6 7
65 32 72
61 43 28
74 19 92
60 72 23
41 13 97
26 8 52
12 56 75
41 58 90
3 57 34
15 67 45
10 19 11
41 72 92
58 56 8
35 16 13
43 72 39
51 59 20
43 64 37
33 53 6
66 31 21
55 33 4
2 74 99
8 6 91
66 59 79
29 22 15
42 51 55
41 47 55
3 26 74
18 11 10
16 5 44
20 61 86
54 35 96
56 10 59
32 33 14
4 15 92
43 24 45
12 16 27
74 29 27
8 1 48
20 27 2
1 25 43
22 3 37
65 41 76
49 30 39
14 1 60
15 52 84
14 28 48
67 30 82
11 56 91
23 24 48
44 40 65
52 37 59
32 61 23
40 33 69
73 65 63
16 60 24
22 42 44
8 25 10
57 25 77
14 68 15
9 41 79
59 50 24
74 70 46
15 54 62
18 24 98
11 31 43
32 34 79
42 17 10
15 63 38
34 3 19
62 69 28
61 13 84
2 15 98
43 56 53
2 38 98
38 29 32
65 20 6
13 59 3
56 55 8
47 3 87
3 41 65
38 33 92
41 68 44
50 40 19
45 72 74
61 43 3
33 38 21
34 35 52
60 57 85
18 58 52
9 65 59
26 35 50
60 62 97
44 3 72
24 60 79
8 70 13
63 58 37
56 21 73
21 17 93
10 56 68
35 43 32
47 6 13
13 60 2
70 65 1
5 67 60
7 50 34
40 68 69
53 49 92
70 25 46
65 23 74
7 45 12
52 18 66
9 8 47
59 72 52
12 10 67
61 66 5
56 28 53
37 49 80
15 3 30
12 66 45
46 47 38
66 62 98
44 5 71
27 5 49
38 74 40
3 68 41
39 67 53
50 63 82
1 45 33
49 9 22
28 58 42
56 14 79
16 59 26
17 52 46
42 43 83
68 43 15
48 13 84
12 9 56
18 22 67
4 54 83
19 31 15
43 72 66
70 45 62
11 26 83
41 47 29
35 46 72
43 64 14
14 67 87
14 6 88
38 30 35
31 22 49
3 39 85
43 3 72
66 64 3
29 47 40
28 19 70
21 67 5
17 57 46
2 59 64
59 56 73
74 60 48
53 19 26
2 29 16
46 71 31
41 47 20
41 65 89
58 21 20
41 6 13
64 25 40
53 68 69
42 60 39
49 15 42
38 50 93
74 35 59
1 40 32
49 3 74
70 16 72
15 69 27
17 18 78
43 65 76
1 11 45
47 52 64
12 9 22
34 64 65
62 23 39
9 51 93
55 50 42
1 13 11
73 29 64
23 42 100
34 28 7
14 19 44
14 32 97
27 42 21
1 25 45
52 48 53
50 17 49
17 19 11
30 3 2
17 18 51
58 2 75
28 68 76
10 47 57
25 32 30
38 40 51
33 31 55
24 23 8
22 20 33
43 73 40
56 26 22
55 25 17
50 39 86
36 50 84
64 7 75
40 62 60
68 59 38
74 29 24
44 46 45
67 32 9
2 53 41
33 30 7
25 55 9
10 39 53
24 63 74
5 65 74
42 36 26
33 35 80
1 66 49
38 40 64
22 9 60
55 53 3
16 59 1
25 65 65
65 25 15
74 70 40
60 49 78
25 37 16
58 13 14
57 64 76
46 6 13
3 11 63
2 32 91
71 60 42
45 32 29
4 42 95
43 14 26
52 64 50
70 21 26
21 74 98
15 42 1
52 7 82
15 13 97
68 9 38
36 13 100
2 51 20
6 24 27
65 35 31
25 38 98
54 55 9
50 58 13
53 45 4
7 38 30
3 26 28
16 55 21
26 54 21
50 19 17
1 45 18
54 33 83
3 59 21
41 1 75
52 44 85
25 53 18
19 65 60
52 60 12
71 11 67
46 51 73
52 23 50
49 9 53
49 34 1
54 70 72
69 72 38
30 50 84
22 32 84
57 47 48
42 36 63
68 2 13
32 22 54
15 64 62
4 13 59
64 39 9
57 64 72
2 38 51
45 28 63
20 64 15
54 20 23
65 13 88
70 38 10
6 9 65
36 64 85
42 51 95
15 13 22
72 71 61
69 49 78
25 53 46
5 46 28
34 67 12
51 71 22
64 61 2
29 42 31
38 53 71
10 45 33
17 3 76
66 50 86
50 19 76
35 8 57
20 16 23
11 43 81
48 32 38
5 27 67
3 15 69
12 35 69
52 74 93
47 55 93
53 6 30
31 73 88
16 13 24
66 12 67
23 25 37
56 57 44
46 35 48
36 13 84
29 69 66
12 10 91
47 8 76
17 25 42
27 60 49
55 21 55
29 11 50
36 32 45
4 15 91
7 19 15
47 32 84
49 27 78
40 67 63
27 49 37
47 52 11
53 5 4
37 35 98
22 7 79
45 9 10
17 30 45
25 59 33
44 14 72
72 52 47
31 32 74
65 36 56
56 47 85
66 35 80
20 61 5
30 17 41
73 58 94
50 60 10
53 8 61
55 2 18
35 54 27
38 45 9
9 73 28
43 54 22
6 26 53
46 44 33
46 11 14
34 62 73
5 36 2
16 72 46
17 1 38
42 71 54
18 37 25
37 23 94
31 73 84
39 14 52
32 36 53
30 1 87
8 49 25
6 33 66
17 71 13
66 14 92
33 35 71
23 44 97
52 12 56
22 66 3
68 27 22
28 13 47
40 25 36
44 38 3
50 59 66
50 54 81
38 20 77
69 42 63
7 60 50
17 1 48
68 25 19
19 49 94
16 66 4
69 54 99
52 21 40
59 69 6
60 28 13
68 11 100
64 42 33
39 74 56
63 31 56
35 65 53
42 50 53
12 8 51
37 55 66
65 5 9
26 24 4
18 51 51
16 11 1
7 36 32
30 56 80
52 53 74
56 17 58
32 3 31
18 66 23
72 65 2
50 6 14
41 53 88
39 42 15
55 28 29
54 34 39
4 6 20
32 22 35
46 53 78
14 13 56
11 9 87
50 38 42
24 41 83
12 56 62
51 13 36
36 66 22
71 40 78
56 50 37
10 55 94
21 4 79
58 67 18
6 35 11
54 11 39
15 24 8
20 5 34
62 37 43
68 51 87
35 8 89
10 61 63
30 42 80
58 17 32
26 41 2
30 57 5
38 12 48
73 46 68
33 7 19
29 53 15
16 63 68
46 30 18
17 27 100
47 68 65
13 53 29
45 70 28
22 63 63
30 10 34
37 30 72
59 62 81
24 40 21
14 59 70
74 65 77
4 2 95
70 12 30
47 52 83
26 40 17
21 56 87
39 71 88
74 53 3
26 35 2
30 11 53
16 57 61
49 65 58
28 59 4
1 43 62
37 39 98
11 52 14
40 38 65
53 22 43
68 1 91
37 69 7
14 29 95
36 64 51
62 14 37
69 32 42
9 72 44
61 70 84
32 39 64
42 40 94
68 70 23
7 12 82
63 43 21
68 30 57
71 4 29
65 64 88
48 55 74
67 68 44
49 2 67
74 10 67
67 47 52
74 42 34
34 41 7
49 60 8
47 62 48
66 12 21
44 51 24
9 51 36
63 31 45
40 2 58
44 10 32
7 39 73
28 34 94
27 17 44
64 7 76
60 30 90
56 10 20
68 54 80
20 29 85
51 7 63
39 29 81
56 47 1
51 22 85
5 28 25
17 18 7
2 61 84
55 59 98
72 68 96
64 69 26
40 11 47
17 41 9
59 39 46
11 56 93
35 26 71
70 21 24
50 69 21
15 1 88
71 32 73
24 16 42
41 40 44
11 16 8
34 43 5
71 22 10
10 20 8
41 37 30
33 10 36
41 57 95
22 3 32
62 19 40
60 59 73
48 47 7
59 6 24
19 20 1
68 54 19
65 71 97
66 15 21
39 59 68
74 3 13
54 10 16
37 34 65
1 71 63
51 37 17
60 71 77
35 48 25
34 30 88
47 64 33
24 1 68
41 56 62
26 63 100
6 23 23
18 65 14
61 10 80
50 49 3
59 6 91
65 40 26
44 63 68
10 30 39
70 74 51
32 38 78
41 4 18
45 46 36
65 51 82
18 74 83
52 55 91
22 69 20
51 58 68
12 70 44
71 5 7
21 66 23
61 69 9
39 33 35
37 48 34
6 28 97
60 48 9
65 73 17
26 9 19
55 68 7
27 74 20
63 34 91
69 61 65
28 33 43
31 64 42
50 28 45
72 26 93
18 31 80
34 14 47
42 71 43
6 27 44
73 43 66
58 29 15
1 29 50
34 15 21
6 74 59
44 1 92
72 13 52
66 14 41
16 15 52
5 28 11
42 67 87
33 57 14
45 67 3
24 57 22
49 70 13
34 38 46
52 61 10
68 1 27
38 13 99
4 45 7
54 56 12
64 2 48
45 8 92
24 35 92
24 41 11
31 46 54
55 32 56
69 52 34
63 22 38
58 68 67
59 15 90
49 44 23
35 23 36
59 53 91
41 57 85
27 6 10
5 60 65
20 6 13
24 61 67
34 58 76
10 70 44
50 65 93
26 74 2
11 17 73
6 28 65
13 55 74
53 41 1
70 64 70
49 46 36
62 44 14
29 54 86
27 68 26
70 25 74
55 67 45
68 54 24
52 3 79
34 4 14
62 45 57
53 34 27
66 33 26
4 36 63
54 49 21
44 52 45
74 32 74
52 1 4
28 68 97
54 39 71
13 16 33
8 64 44
9 15 87
5 7 77
50 69 24
40 7 36
64 29 56
38 40 55
45 25 80
65 14 74
64 57 32
61 33 21
45 67 29
19 17 99
67 50 66
11 5 8
37 13 82
51 73 72
36 25 26
60 69 50
70 28 82
17 62 13
25 50 85
46 10 46
54 57 38
17 68 18
28 39 98
20 21 8
56 38 58
29 19 61
29 72 46
19 39 32
26 22 53
12 45 40
9 26 5
32 47 5
62 30 67
30 17 39
35 65 98
60 22 64
44 58 74
74 62 57
42 48 66
26 13 61
69 49 37
39 49 37
61 21 88
25 14 54
14 8 36
53 40 31
28 4 84
33 58 26
22 60 21
50 68 7
14 28 76
58 26 80
18 74 52
74 48 67
73 48 18
34 51 87
52 33 41
66 24 20
56 53 24
60 35 56
5 67 58
29 44 60
28 15 88
6 4 79
10 70 28
47 30 78
12 23 68
57 34 75
40 54 51
37 52 79
30 61 6
30 9 81
28 21 76
51 3 31
37 19 88
71 20 70
2 12 35
62 64 78
61 46 70
69 20 87
66 48 48
19 43 17
46 27 19
21 58 50
10 41 46
31 28 8
28 74 93
55 37 30
68 56 90
58 43 73
27 45 67
31 18 15
43 14 89
46 65 12
34 17 21
57 13 71
48 16 92
17 26 97
10 39 54
3 1 23
26 21 64
5 46 68
54 46 13
34 18 17
71 6 34
34 42 15
42 36 25
45 50 94
39 12 11
50 56 2
52 34 98
49 29 43
70 8 56
52 62 74
20 4 74
9 67 37
40 35 76
30 38 66
74 30 62
62 48 26
24 38 10
5 36 59
62 72 21
45 7 42
32 1 73
68 72 69
22 70 10
29 59 25
40 45 89
16 6 19
45 72 28
57 52 31
66 55 44
44 41 83
64 12 11
52 20 78
28 35 97
29 26 41
22 50 33
44 70 53
64 47 53
25 5 26
30 58 6
20 11 5
41 74 4
39 52 27
23 9 84
19 42 77
54 62 21
52 25 67
63 22 31
44 20 69
72 39 40
15 27 70
49 11 8
65 35 59
34 43 22
14 7 39
29 24 63
30 50 25
49 65 46
48 9 85
13 42 70
38 5 85
16 19 84
33 11 84
9 45 80
31 70 78
44 49 95
3 27 36
40 61 22
72 49 63
68 64 32
38 29 39
55 65 68
74 69 66
40 29 92
10 28 7
69 8 35
43 74 34
64 68 13
33 46 7
11 28 94
46 37 64
41 40 92
50 33 11
49 21 97
3 74 79
27 62 69
39 18 25
26 36 37
74 17 54
7 16 87
49 8 13
4 51 1
33 2 29
44 34 47
66 52 62
57 51 44
73 46 72
25 36 31
50 39 25
38 43 84
8 29 9
34 28 72
54 14 18
50 14 9
36 58 33
56 20 29
37 61 28
27 47 18
31 43 29
54 42 59
19 6 90
56 58 78
18 12 39
2 8 24
4 50 59
32 44 61
24 46 42
7 73 75
21 68 75
21 43 48
40 11 57
49 13 99
14 37 30
1 10 35
41 42 77
73 68 82
61 3 26
22 14 15
52 17 71
12 54 41
18 48 85
57 36 87
17 69 41
44 34 61
47 58 91
53 4 70
43 36 32
5 29 60
56 25 41
36 13 9
19 26 26
60 29 68
58 9 86
46 65 45
60 9 60
60 29 20
14 20 2
3 39 80
63 53 42
56 44 89
61 53 24
42 44 1
17 65 26
56 59 79
36 7 29
3 37 57
7 5 42
7 74 16
31 56 14
64 35 93
41 3 13
68 23 40
10 72 36
50 39 72
38 20 20
12 62 98
68 35 75
74 34 53
24 52 85
62 41 30
30 18 31
37 17 36
38 30 92
17 7 8
33 16 99
70 8 80
35 25 45
33 20 60
25 16 28
74 10 78
55 14 81
14 40 83
23 71 28
68 65 20
15 70 93
4 22 5
15 33 8
29 54 100
13 41 31
60 54 51
66 16 2
73 51 2
64 40 34
10 64 56
59 23 73
19 64 18
62 47 41
13 61 81
18 70 54
74 15 69
70 72 44
34 61 29
71 49 61
35 33 12
38 9 4
40 54 29
38 17 38
7 72 12
34 47 56
29 73 40
5 31 83
54 6 20
29 3 22
46 63 1
16 62 13
51 20 69
34 41 90
21 50 96
42 5 77
49 52 38
6 58 26
28 21 4
6 54 17
20 47 44
45 14 95
40 8 96
58 13 32
26 61 94
7 18 94
32 60 18
11 60 70
53 70 53
30 56 34
25 27 35
40 12 65
30 29 21
73 6 26
25 12 85
26 45 100
14 74 14
46 28 35
20 48 68
6 24 99
19 50 14
30 52 45
43 2 17
43 5 11
63 6 60
51 53 80
5 42 53
10 6 19
30 63 34
41 60 9
19 29 55
67 29 3
32 64 5
45 38 64
14 58 1
27 29 24
56 49 53
47 10 9
33 14 12
11 54 36
22 1 93
2 64 4
22 25 41
22 47 82
55 43 4
35 56 86
19 40 60
22 55 48
67 57 18
22 51 49
61 3 54
8 19 43
10 31 45
13 29 80
46 56 45
21 43 12
15 43 39
27 69 78
29 24 48
8 27 85
43 63 53
6 74 27
1 69 64
51 4 64
49 30 91
46 30 65
22 3 76
58 46 7
46 53 67
48 35 22
40 35 92
1 41 35
74 48 50
5 1 20
33 14 33
55 13 53
32 23 77
33 42 51
6 56 94
67 59 22
49 62 74
13 2 19
66 18 46
4 38 39
13 54 43
10 35 33
4 56 13
15 49 44
63 65 87
43 17 91
10 31 84
64 34 3
43 74 11
44 63 70
41 5 97
27 64 69
39 12 44
18 56 28
51 10 21
56 45 69
59 17 73
15 29 38
53 65 7
56 69 7
56 12 53
56 59 21
7 38 66
32 41 54
33 69 74
24 57 78
22 63 51
8 43 43
73 56 7
14 4 18
34 61 32
48 8 79
6 47 18
41 19 62
9 18 48
50 37 93
52 25 17
49 73 73
54 59 67
47 14 29
71 11 68
15 61 56
37 21 61
61 21 59
58 39 71
73 31 48
60 73 45
23 14 26
58 65 96
9 74 54
15 45 16
7 25 30
19 11 48
21 39 76
44 10 46
47 55 68
18 64 99
70 11 89
65 48 84
1 49 31
57 50 61
25 8 25
19 43 43
66 13 52
73 17 95
25 17 26
14 45 65
50 49 5
63 26 66
53 49 27
33 15 10
43 48 25
15 69 86
16 69 71
56 61 57
68 14 38
3 33 66
64 13 89
11 70 62
45 17 16
71 73 34
43 70 90
9 71 30
6 39 85
50 37 10
62 38 54
6 15 21
73 24 73
63 73 9
59 15 66
47 33 28
74 7 19
53 70 84
72 66 1
50 46 24
1 39 17
66 3 36
52 71 74
49 69 25
52 31 77
13 14 71
73 69 78
49 68 47
37 16 22
17 14 7
11 53 58
35 51 38
32 40 78
22 56 66
32 26 32
36 39 4
25 38 96
44 72 27
25 69 54
29 35 90
24 40 35
70 22 96
27 52 59
41 54 98
44 8 18
73 19 99
2 1 34
60 20 86
59 57 45
66 18 93
50 18 81
56 54 3
12 58 39
57 56 12
59 43 78
37 22 63
14 54 7
66 42 2
54 52 90
65 22 49
65 47 97
50 36 51
30 42 82
23 34 66
13 39 62
1 73 69
65 62 45
29 43 92
40 27 34
26 1 24
40 48 95
35 19 62
71 33 97
18 74 76
60 72 89
55 20 63
69 16 4
58 21 61
55 49 30
30 9 17
62 23 84
51 4 47
58 32 81
45 5 4
17 37 51
48 44 19
43 64 18
3 71 91
36 7 1
59 73 88
62 2 53
24 61 69
70 22 98
7 11 5
55 23 50
66 68 90
66 64 20
66 40 72
40 10 62
6 46 11
52 7 19
15 44 92
54 70 71
71 67 78
50 48 61
32 40 40
67 9 25
48 37 4
36 54 97
60 31 29
24 60 67
53 55 48
11 35 44
22 14 3
49 6 77
24 47 17
26 69 34
64 19 23
35 23 70
74 35 84
18 34 20
37 27 1
46 38 17
20 63 30
43 29 7
9 35 43
7 58 41
66 39 6
43 24 74
30 70 76
67 44 80
40 18 42
29 7 44
41 51 10
35 11 85
12 74 98
13 4 49
57 20 37
4 27 21
68 24 54
72 17 33
59 44 98
36 54 47
23 41 94
40 46 85
66 64 18
64 29 67
4 59 15
1 11 33
17 52 35
25 44 12
72 67 29
19 27 38
73 5 8
53 16 47
11 49 22
67 4 81
52 56 68
5 54 52
71 28 20
64 8 32
39 42 1
13 11 24
23 40 93
4 45 92
9 69 93
26 58 96
47 28 70
20 21 43
58 51 45
1 50 18
71 16 5
11 51 98
40 36 64
19 51 3
44 31 70
1 58 47
25 21 23
72 22 33
5 44 55
7 52 57
10 65 70
50 12 27
46 11 62
33 22 79
10 44 8
54 60 13
18 42 89
47 11 28
40 12 17
34 22 6
44 20 12
43 73 77
27 31 26
64 44 25
13 69 27
8 14 57
17 22 82
36 61 21
9 44 3
39 42 59
52 68 31
62 64 81
34 47 59
1 63 95
63 59 77
58 49 75
65 18 70
69 19 4
9 52 89
22 52 63
6 53 92
39 23 61
67 8 93
16 8 2
61 52 1
19 49 73
64 57 90
45 3 64
67 52 89
69 46 60
3 60 66
34 47 95
18 42 77
3 62 23
10 11 68
12 69 25
54 9 61
72 21 83
54 68 69
2 6 4
5 47 66
21 65 53
1 53 4
33 57 5
50 41 39
51 18 80
37 13 36
37 49 98
38 49 55
61 73 8
24 28 41
70 66 11
43 6 93
15 57 14
42 72 85
54 45 11
45 53 66
31 55 52
43 31 72
17 65 58
58 59 54
2 15 67
63 66 62
46 55 58
67 54 86
60 40 98
41 29 15
49 11 95
70 11 2
33 36 77
46 22 60
44 41 28
31 24 36
23 43 71
12 49 68
12 41 84
70 61 71
35 46 39
28 14 18
1 31 40
28 14 91
71 46 58
10 67 98
28 68 49
8 23 32
49 53 76
68 9 65
34 10 24
61 67 46
33 35 71
51 8 57
72 38 28
3 10 56
36 22 13
72 47 74
50 54 6
18 25 83
48 7 49
30 13 83
39 50 9
16 33 81
63 26 30
74 41 56
3 7 21
31 5 1
1 21 32
17 14 29
11 28 26
26 28 30
56 70 40
63 5 51
36 50 67
44 69 30
34 25 84
5 71 46
12 62 19
48 33 92
68 3 91
64 23 9
18 20 22
53 41 62
65 43 56
64 13 7
8 55 60
65 40 76
57 44 14
57 10 4
39 15 38
3 56 76
16 20 6
45 7 69
40 55 90
35 45 83
66 56 76
30 6 73
58 54 89
14 52 80
15 51 98
54 62 69
61 46 98
23 52 92
53 25 24
2 1 42
67 69 4
6 45 3
74 5 69
52 22 90
57 9 28
18 45 8
44 30 60
38 67 33
65 73 46
16 17 98
23 68 30
43 18 44
66 26 43
41 65 52
13 53 96
74 66 57
53 14 47
48 4 35
17 66 95
16 63 80
34 27 79
63 67 93
26 5 69
7 51 20
10 56 24
49 40 86
40 41 4
4 45 72
62 35 71
3 40 22
24 27 16
74 15 34
4 45 29
55 24 37
27 36 83
72 26 65
61 63 61
29 37 91
37 55 10
68 66 80
7 67 84
61 47 98
56 17 39
53 28 77
17 72 24
70 52 72
28 26 70
31 34 16
30 56 9
11 56 44
74 44 8
23 59 45
68 61 16
71 30 49
6 73 50
55 64 24
19 45 97
35 74 1
34 9 70
55 22 54
40 24 19
2 14 31
64 62 68
41 64 15
3 8 94
72 63 72
28 25 50
62 30 47
72 18 6
25 24 62
55 54 27
27 29 17
64 53 46
51 47 59
11 46 61
69 30 28
40 74 54
47 43 57
73 43 31
43 5 84
40 65 9
31 13 90
22 52 39
41 4 93
52 50 40
3 20 24
2 54 89
28 65 25
7 27 7
2 59 57
43 13 85
16 48 89
12 63 89
29 65 57
33 29 96
66 47 62
15 42 35
31 53 5
47 65 19
30 69 4
74 57 9
47 71 62
9 57 86
28 36 91
13 21 49
62 67 23
36 59 51
40 67 99
53 10 96
57 48 41
26 38 70
54 40 52
41 48 87
66 60 23
64 14 56
58 65 20
49 6 73
13 34 66
19 58 81
59 30 76
66 24 86
64 35 43
44 71 63
45 26 68
71 50 64
37 23 60
18 30 75
5 67 80
40 73 20
52 15 64
28 66 55
25 46 4
8 43 27
32 31 89
35 21 66
32 4 34
65 66 10
48 58 93
25 10 51
48 38 57
54 48 11
11 4 68
19 62 48
59 53 85
30 58 89
46 48 42
65 7 96
12 65 82
37 8 90
41 70 16
32 65 55
10 42 49
37 4 39
16 45 72
8 44 34
67 52 9
60 31 72
60 32 85
30 44 19
15 3 57
40 44 9
47 33 64
33 70 54
69 44 54
13 16 28
53 2 4
7 64 41
13 5 24
52 6 52
16 25 36
56 67 28
51 71 17
29 18 88
30 13 45
22 1 14
22 55 30
12 53 38
70 11 49
39 66 20
72 12 38
15 9 43
33 13 83
17 4 24
54 27 15
22 9 80
17 56 57
7 34 68
38 51 12
4 61 47
16 36 22
59 28 75
16 58 61
61 27 91
30 68 36
16 71 81
58 55 66
24 31 49
73 40 100
1 18 91
55 69 10
25 35 39
64 47 80
65 47 38
1 9 42
72 17 43
41 31 26
3 55 95
62 5 34
54 23 75
13 41 4
69 15 90
9 25 96
61 26 91
11 13 61
15 66 79
30 62 3
15 59 50
44 63 42
66 7 91
54 44 50
22 40 97
73 69 39
66 6 14
60 4 42
66 25 85
48 30 83
22 46 23
21 7 21
29 59 51
49 8 66
35 58 75
53 71 20
17 54 13
31 53 66
4 59 66
15 7 73
5 66 67
74 57 16
58 2 55
67 47 68
13 15 73
58 59 83
37 3 78
42 68 43
32 36 31
65 21 26
9 7 15
59 5 1
51 58 47
38 29 38
63 49 52
32 66 77
53 4 94
39 19 95
5 20 52
64 71 83
70 26 66
1 41 32
45 24 99
23 10 79
56 18 6
28 23 20
16 69 41
45 26 79
57 9 51
28 21 83
13 60 38
67 72 85
22 26 21
47 58 82
32 17 42
45 12 95
55 69 93
17 66 55
46 10 58
44 2 80
66 40 78
13 63 21
35 48 36
14 63 99
36 30 83
6 30 95
28 40 63
32 3 88
56 50 38
6 9 10
66 63 25
16 60 66
9 51 5
27 58 59
57 8 51
67 50 24
7 41 70
16 52 18
13 5 10
9 69 8
26 6 12
12 35 67
45 36 20
40 43 64
27 65 18
35 8 82
5 46 12
24 53 79
4 68 36
50 48 36
30 59 89
68 65 55
14 50 96
33 29 71
60 37 21
64 23 21
23 20 56
36 47 68
49 4 49
37 29 48
62 56 5
2 43 27
4 74 77
52 72 45
63 34 97
56 29 9
4 68 28
66 5 34
51 21 31
43 60 85
66 8 96
31 70 49
55 5 34
23 40 83
44 12 31
74 33 8
67 11 66
23 33 74
20 69 85
65 66 73
32 17 90
46 72 95
53 28 68
2 58 13
56 59 23
63 15 31
72 12 96
55 42 22
36 19 97
34 69 24
31 3 78
57 15 39
46 6 65
45 61 57
9 49 61
11 53 8
33 74 39
30 58 82
1 53 67
67 15 82
28 61 63
65 21 9
6 50 6
31 46 54
65 49 19
15 21 93
55 46 90
68 63 96
59 68 31
50 11 53
13 12 21
65 33 52
6 35 15
28 14 44
43 38 12
72 38 19
70 2 74
36 18 3
31 22 69
38 56 22
44 47 18
73 23 76
49 56 80
33 55 42
4 65 51
45 13 8
67 64 72
31 49 97
15 13 75
46 17 93
67 63 61
72 69 61
68 40 37
40 2 82
32 70 51
12 2 67
65 67 70
38 73 21
42 56 87
61 59 65
68 21 33
47 43 70
51 55 59
9 45 62
59 5 2
44 55 41
6 49 11
29 33 37
60 56 77
1 67 19
9 1 13
15 40 25
26 27 61
29 56 28
20 30 16
67 63 64
35 32 55
41 51 64
36 29 54
20 73 25
15 54 4
42 28 78
48 7 35
13 55 15
56 68 2
65 2 84
37 62 38
15 9 91
71 36 85
50 45 40
2 4 65
63 65 21
42 10 93
46 74 51
24 42 54
43 52 70
59 57 54
65 1 100
26 60 29
51 3 85
17 3 25
14 24 76
62 25 7
45 71 36
70 61 18
24 69 40
3 22 82
52 5 32
43 18 18
67 48 51
67 59 59
73 66 33
19 38 43
41 62 83
33 5 63
35 8 44
22 67 9
37 74 44
27 42 72
46 39 64
14 43 48
57 63 84
16 65 49
21 4 3
71 61 84
20 22 44
53 52 77
10 19 70
62 16 86
68 63 92
20 58 82
14 26 46
38 74 80
23 45 84
31 48 88
10 37 60
45 71 80
50 36 60
32 18 32
34 42 41
41 4 51
74 64 12
22 15 70
62 1 87
20 47 79
62 25 42
40 45 32
40 35 36
2 1 78
72 47 40
3 34 37
2 29 8
35 1 86
39 40 13
54 1 77
26 47 89
55 20 62
40 16 47
66 27 93
60 59 87
14 68 35
11 58 2
8 34 45
25 24 97
51 13 52
35 14 95
28 50 97
54 1 47
2 44 81
34 18 71
59 44 93
63 4 80
52 18 50
31 12 48
63 12 85
1 74 94
67 55 26
13 9 1
39 49 28
44 11 76
11 68 14
57 63 90
61 73 95
70 66 36
34 59 77
27 68 71
37 67 61
12 1 77
58 33 85
24 33 30
57 34 53
73 8 22
49 45 27
48 56 98
46 3 76
48 15 52
39 25 2
65 49 70
9 18 51
11 53 61
36 20 4
57 71 6
42 4 39
43 74 10
2 12 70
18 62 88
61 18 95
57 4 83
20 8 77
38 46 57
58 49 95
7 68 76
61 65 93
21 74 14
58 51 3
71 31 42
16 36 29
2 69 85
14 3 30
12 46 19
30 70 64
61 52 77
42 68 20
6 24 18
70 50 95
46 10 45
48 61 29
46 28 43
12 69 26
3 1 8
56 13 63
8 39 98
4 36 16
28 69 77
7 34 62
41 4 18
2 60 94
58 46 8
4 72 34
64 28 40
35 42 39
35 64 9
22 15 36
46 42 92
4 40 94
40 67 15
32 15 29
56 40 52
49 32 71
34 27 80
48 40 76
66 67 6
64 39 51
37 45 23
27 39 99
46 24 71
5 16 25
35 54 75
51 56 89
66 2 78
38 28 57
66 10 14
57 5 21
22 67 6
52 15 37
64 50 93
70 33 49
28 47 68
38 51 74
43 29 35
9 54 57
40 35 54
24 25 2
64 68 42
11 31 31
6 10 33
34 21 11
7 19 22
58 23 6
36 2 77
22 34 81
23 55 92
58 63 91
49 34 54
67 60 83
2 23 94
6 16 4
13 51 52
66 48 62
64 27 48
74 19 81
68 23 84
58 26 90
58 63 46
46 17 34
26 37 44
14 22 99
19 47 76
51 65 75
70 22 46
52 44 55
32 39 81
41 2 64
39 24 87
22 57 1
19 5 84
58 46 27
59 30 76
55 14 72
28 2 49
67 33 99
28 22 77
66 54 61
27 61 100
13 31 2
52 68 89
70 47 32
8 17 45
13 49 79
17 70 57
13 37 63
14 36 52
1 30 23
6 70 6
50 61 48
55 63 9
6 7 41
23 69 81
70 71 12
17 27 61
44 32 78
43 21 63
17 72 53
67 34 47
50 27 80
34 69 61
51 45 26
4 64 34
19 9 67
60 2 31
4 41 83
35 62 18
14 39 5
55 14 82
29 33 66
12 5 42
30 48 91
53 10 67
5 69 6
4 22 26
36 71 73
40 64 99
33 13 83
56 43 99
13 48 79
52 4 89
26 34 24
7 16 54
3 29 85
71 59 34
4 46 95
65 42 78
25 68 99
74 20 24
57 74 93
35 11 93
47 13 32
27 24 8
5 35 61
36 40 27
73 46 58
42 12 85
15 47 10
70 57 95
72 1 74
51 40 96
62 35 13
64 20 18
6 10 15
12 70 37
2 62 59
54 28 92
8 17 49
32 22 24
23 11 39
74 21 40
9 39 23
10 70 60
17 2 56
55 6 48
69 65 61
10 6 65
46 70 82
53 20 63
64 62 100
12 41 94
30 20 19
39 18 41
62 60 84
67 28 87
33 11 17
62 41 18
55 24 69
28 29 59
64 70 45
33 7 66
43 14 81
21 47 74
12 44 10
12 31 7
58 43 1
73 59 1
12 28 42
37 31 68
50 45 45
41 4 85
65 38 8
30 38 73
66 56 37
44 66 9
60 6 35
10 19 6
42 37 86
44 58 35
57 17 10
74 1 33
34 15 53
11 63 81
21 3 45
12 58 3
23 18 90
31 63 52
74 26 12
34 67 15
74 28 68
60 65 5
56 48 2
70 24 41
7 62 99
17 50 3
24 13 43
59 10 36
31 28 78
69 30 84
3 66 1
67 16 2
70 16 94
26 45 56
24 52 35
59 26 43
13 23 71
42 59 4
43 44 79
72 51 43
31 52 65
18 23 49
35 31 98
20 24 66
31 12 70
22 33 15
50 19 25
7 69 64
18 23 55
3 23 43
42 40 38
25 6 66
46 17 3
38 74 78
57 63 2
68 19 76
21 36 3
7 30 38
13 48 45
41 69 31
15 23 89
62 49 26
40 66 13
50 28 28
35 25 66
65 35 97
39 12 39
54 72 61
26 12 82
42 55 98
55 9 53
63 21 60
4 27 19
68 39 100
10 54 15
60 53 22
52 23 92
9 37 7
23 42 58
32 49 10
50 56 71
32 6 27
34 17 54
68 1 67
58 19 3
15 22 8
22 54 43
19 8 10
10 1 72
56 13 66
41 66 45
7 46 11
73 65 74
47 38 17
66 49 67
60 23 22
17 10 71
26 11 24
9 38 81
18 57 49
13 25 95
69 46 37
12 46 34
35 8 85
4 51 23
20 34 97
6 25 41
58 26 89
54 8 75
12 65 47
53 12 50
15 34 85
34 23 43
14 38 34
4 39 12
49 22 91
36 14 84
54 45 3
46 1 17
68 57 91
24 26 61
71 11 29
33 24 30
13 49 2
57 26 72
27 57 27
47 45 80
17 64 8
53 16 3
18 63 20
46 55 58
62 17 41
73 7 3
12 67 74
15 63 12
12 54 84
12 6 12
32 6 70
55 61 84
17 25 93
37 21 66
67 73 66
57 44 15
71 13 18
3 43 15
50 72 14
31 47 98
54 43 68
59 61 92
22 1 87
68 20 73
27 63 79
19 74 100
4 62 10
29 52 72
54 41 2
22 65 66
31 40 49
53 34 9
2 43 28
44 36 83
8 5 39
42 40 2
68 46 48
18 28 37
69 38 41
33 46 24
69 21 15
34 41 35
12 29 52
70 62 47
42 28 72
3 40 81
50 28 48
31 3 15
14 35 55
53 68 9
38 24 90
56 41 22
28 52 61
10 23 74
53 23 70
39 69 3
45 18 94
15 44 32
15 44 23
68 11 3
61 14 53
39 53 41
6 27 90
2 73 55
48 2 9
15 42 79
74 73 33
64 21 41
17 12 60
64 37 62
4 38 85
33 27 54
15 69 25
2 30 99
34 24 6
37 61 60
55 25 36
55 54 77
19 61 26
70 19 87
51 15 41
66 4 11
69 20 12
5 58 62
4 38 14
27 67 47
65 74 73
45 64 79
15 43 81
26 53 22
46 20 48
9 61 51
63 62 65
1 21 20
29 23 39
35 19 92
67 70 39
29 31 49
58 37 17
3 71 31
5 52 72
20 23 12
19 60 38
54 29 94
20 1 85
53 34 92
70 5 28
60 6 81
45 38 35
60 46 9
16 50 12
62 40 51
17 43 72
20 42 16
5 34 29
43 17 20
67 16 6
18 2 65
7 18 3
6 27 49
31 50 38
70 66 20
57 2 98
53 72 71
43 71 28
53 68 27
7 68 68
9 51 44
36 35 93
8 69 3
28 57 44
42 72 19
35 48 84
42 57 61
16 62 82
16 44 15
45 64 25
31 40 94
8 38 16
20 41 95
29 41 59
46 11 5
1 35 37
58 38 67
38 17 41
30 21 49
47 73 24
49 16 25
2 31 63
3 48 86
7 37 14
51 73 8
69 56 22
10 13 64
54 35 85
41 46 49
51 2 5
36 23 58
10 16 64
18 28 81
36 51 41
12 27 4
10 62 94
53 60 87
1 28 72
55 46 16
58 6 74
61 53 35
44 57 64
10 55 2
33 47 28
62 58 85
62 66 42
25 41 61
39 68 78
47 25 74
41 42 22
27 5 12
60 18 46
35 25 4
21 23 44
49 46 2
64 39 74
39 64 93
64 32 50
71 11 46
48 11 52
39 65 27
28 51 27
67 51 78
8 53 64
23 6 13
36 38 74
49 37 69
2 3 14
12 41 41
58 52 88
52 67 90
63 55 96
36 73 80
28 32 46
40 7 99
7 66 94
1 57 25
31 22 99
22 64 53
65 47 2
20 38 45
23 9 74
24 72 93
64 30 67
43 1 90
43 42 60
62 2 53
50 6 88
60 41 6
34 41 74
17 5 52
57 65 5
44 17 22
14 32 51
52 34 88
59 24 92
2 17 69
42 74 4
56 66 64
10 42 44
42 61 67
20 74 41
36 42 1
68 4 2
25 3 66
25 44 66
15 63 55
31 72 53
57 18 3
32 21 72
28 72 31
55 2 41
23 24 36
36 52 5
28 72 98
39 13 11
18 54 1
57 18 17
54 50 49
16 49 87
45 30 77
40 68 60
65 15 19
52 34 98
12 39 35
23 13 20
44 18 66
12 58 39
44 28 29
5 20 43
35 28 15
36 72 73
27 9 83
42 21 13
56 53 84
22 61 14
25 12 7
63 71 14
19 70 7
62 3 58
4 72 33
7 58 27
71 46 27
34 33 67
60 45 30
13 32 30
38 52 85
54 40 43
46 37 5
42 22 87
50 34 61
61 9 1
8 31 32
63 25 24
24 6 22
48 23 93
72 37 19
28 61 16
72 42 80
32 51 46
42 34 56
17 32 42
1 49 61
58 33 96
73 63 68
38 30 52
23 45 77
64 47 50
68 29 75
43 39 66
60 61 5
15 7 76
55 32 86
54 73 3
20 15 93
65 24 62
26 34 34
68 30 17
50 67 90
60 24 31
8 3 9
1 25 67
26 24 28
24 13 76
37 35 90
32 31 48
44 37 22
3 50 16
38 45 67
54 2 96
28 15 2
10 65 45
68 50 57
41 15 56
7 2 88
19 45 17
51 10 69
66 70 79
44 41 1
2 21 70
72 18 41
6 63 24
27 74 51
42 24 47
30 72 95
31 72 89
28 29 8
71 39 65
6 36 93
35 62 33
63 36 97
22 26 53
64 63 18
73 50 38
36 11 68
53 12 11
68 9 93
33 40 68
47 53 8
18 3 34
37 52 52
63 47 13
20 72 43
63 37 9
11 61 59
72 17 13
1 10 40
12 69 77
30 11 53
73 20 96
7 59 11
69 15 93
71 41 26
14 53 88
54 56 66
34 56 71
25 47 6
41 3 15
2 8 6
18 2 39
18 42 81
52 35 37
15 2 30
22 59 93
62 63 52
48 14 31
24 20 38
25 20 43
47 9 99
71 60 18
43 8 46
26 24 81
35 56 51
15 62 43
32 36 100
28 23 16
35 68 34
9 66 81
44 50 28
24 13 52
4 44 17
11 19 100
66 44 43
1 43 81
47 40 18
36 17 29
20 63 70
10 61 27
47 58 71
29 74 34
27 46 40
68 31 42
47 3 46
62 74 40
14 54 29
52 7 9
32 27 53
13 54 26
5 15 85
14 68 29
15 43 88
30 71 92
1 30 41
9 53 69
47 37 84
26 46 5
26 20 53
63 23 59
3 57 39
54 53 17
64 44 58
65 69 78
73 12 91
38 66 16
29 8 39
7 2 17
61 10 67
61 27 37
72 71 11
59 10 69
56 66 51
74 31 13
23 27 81
9 22 2
74 54 32
46 26 82
22 44 11
10 57 72
33 61 34
50 36 96
59 36 24
58 52 9
1 22 43
21 54 47
2 35 95
42 27 45
8 14 80
53 9 41
41 5 51
10 62 86
44 24 13
59 36 31
40 30 19
63 21 88
46 72 9
46 2 93
5 19 94
17 34 27
1 20 35
2 17 4
51 23 63
58 48 20
21 72 10
27 15 60
62 34 34
56 2 54
26 67 67
50 54 3
23 42 84
16 32 95
15 48 97
27 39 13
60 19 72
58 14 58
8 67 2
1 7 61
19 17 42
41 50 30
19 34 51
4 33 81
69 27 44
5 65 78
71 31 83
50 22 9
57 21 55
50 6 51
39 31 24
18 48 25
23 7 73
49 61 41
32 14 37
17 21 18
71 36 57
19 15 24
49 2 38
64 47 22
37 2 65
27 13 22
71 40 62
73 8 27
2 30 99
12 23 91
28 8 7
35 19 64
65 61 66
37 8 81
29 43 69
10 63 93
56 61 47
33 9 13
58 27 25
40 68 6
12 49 8
7 71 8
10 57 94
25 10 66
9 4 45
22 26 54
70 72 77
57 41 10
45 11 85
49 72 97
44 38 14
30 2 12
27 16 46
67 52 64
70 63 14
32 48 90
65 56 28
21 72 22
14 24 11
43 31 12
40 45 100
6 65 21
40 52 89
32 8 79
25 46 88
59 50 71
20 61 82
74 19 22
53 61 42
32 59 52
42 48 57
38 40 29
3 20 97
46 67 12
21 55 27
52 3 6
61 1 82
37 67 91
40 13 2
72 14 76
29 10 31
52 51 86
14 12 54
7 71 35
72 14 4
61 44 24
4 46 97
37 45 60
68 40 12
12 46 36
68 55 49
54 63 51
66 5 59
30 38 73
35 61 20
37 36 50
10 72 24
51 28 16
20 56 19
7 63 72
23 45 53
74 17 6
17 53 4
17 11 24
41 22 37
70 28 86
47 65 13
58 34 26
2 36 94
69 5 40
11 71 20
33 7 47
46 60 47
57 23 78
5 8 17
66 22 61
53 32 40
11 3 6
46 51 46
31 34 84
38 8 99
65 70 45
9 73 49
35 66 72
57 14 6
30 33 50
31 39 35
71 19 34
11 47 14
24 29 23
71 72 35
71 19 89
63 65 70
37 2 55
33 50 57
73 17 89
47 4 2
40 58 67
19 46 29
60 49 77
13 30 41
40 68 67
28 68 83
71 6 79
60 38 13
53 29 48
9 24 16
26 6 15
22 10 20
5 53 36
39 21 49
14 17 80
62 40 83
4 23 72
60 25 95
30 45 74
17 10 55
65 31 45
61 58 39
62 9 48
25 9 75
65 29 97
28 22 31
71 39 65
32 55 68
14 55 36
67 6 5
61 22 57
13 15 2
24 16 27
53 38 3
41 26 50
37 61 3
9 67 23
7 42 74
35 55 19
48 27 78
24 73 37
65 69 79
59 55 24
29 53 2
22 1 93
23 42 27
56 69 22
19 66 94
39 74 38
45 7 55
24 31 47
39 28 45
55 53 15
4 56 54
19 45 25
29 65 41
59 44 17
38 45 60
25 52 70
36 65 1
34 40 80
63 33 63
24 48 50
45 3 61
55 58 44
43 72 49
35 22 82
34 4 54
74 7 76
53 48 15
14 13 42
65 26 54
65 67 43
39 45 12
60 44 14
68 8 91
38 12 75
68 72 73
63 50 28
48 32 21
48 37 82
31 1 56
17 51 54
69 11 98
18 70 13
6 5 19
1 38 7
24 50 64
14 33 2
62 28 14
18 35 42
57 13 16
72 33 88
37 2 36
51 45 86
11 51 87
72 4 50
53 64 22
2 42 27
40 36 1
66 58 17
61 10 49
66 71 33
43 51 92
61 19 6
73 23 6
17 27 87
53 52 80
6 52 64
34 29 27
7 44 66
33 62 45
61 3 61
40 38 16
38 33 11
36 22 33
23 18 23
19 4 78
46 18 18
46 20 56
62 57 47
54 4 90
49 65 97
73 2 100
22 62 21
14 37 44
72 46 94
12 54 62
24 27 5
53 9 9
42 66 39
35 45 34
8 26 78
63 12 9
72 46 88
55 22 22
54 50 38
51 2 13
24 15 18
13 59 85
33 64 96
11 67 4
2 5 60
56 12 76
64 34 14
54 37 86
33 73 40
34 10 86
58 39 46
52 67 81
22 44 76
59 65 62
42 68 15
57 45 41
13 74 53
3 54 59
37 68 77
32 5 9
45 60 38
33 3 52
67 33 57
53 7 3
60 16 12
74 55 93
33 59 30
25 13 13
11 25 80
2 64 22
13 70 39
18 53 100
71 36 66
54 20 4
8 70 93
68 32 64
13 68 53
22 67 2
5 72 52
54 19 87
43 22 96
23 36 73
71 49 35
54 52 29
28 63 11
73 42 14
73 71 32
19 1 31
26 73 98
46 36 29
40 26 22
16 72 79
35 47 70
6 39 73
24 41 10
73 36 48
29 63 87
53 22 32
2 23 75
15 46 34
47 38 30
38 65 82
24 20 30
16 50 2
5 11 89
39 42 53
60 69 4
37 9 1
25 1 9
57 47 55
42 46 23
36 22 16
18 45 4
65 18 56
24 58 98
24 45 71
72 37 24
5 51 50
18 19 38
65 32 71
46 65 87
46 60 29
32 26 73
12 15 32
38 42 43
23 22 42
11 45 73
23 41 51
60 31 99
3 15 72
38 21 85
7 28 47
28 5 43
67 5 5
29 39 74
57 54 75
70 23 61
32 51 47
38 45 97
54 13 32
69 48 73
17 56 18
46 48 11
52 54 67
72 14 83
1 45 55
66 62 30
34 16 90
9 73 75
26 21 66
56 41 10
24 68 10
49 6 12
4 68 57
42 55 11
64 68 8
27 22 40
61 32 10
50 59 89
29 27 72
20 13 95
28 21 93
13 68 84
9 65 61
17 53 50
46 47 73
69 42 6
28 61 51
62 38 6
57 42 31
60 6 89
35 50 98
4 71 61
8 51 72
68 5 98
48 9 36
20 41 77
45 50 25
16 67 23
6 57 25
24 10 71
69 39 31
47 16 79
2 33 69
61 57 79
60 3 40
40 32 83
7 10 94
59 62 97
65 41 8
26 40 75
39
32 474
26 3 77
26 17 40
8 4 49
11 16 94
27 23 23
1 25 5
4 5 58
31 19 95
5 20 24
16 7 58
11 32 1
9 7 53
19 29 27
1 20 80
11 29 86
17 31 49
1 10 21
12 15 85
13 20 22
1 17 69
6 28 2
5 18 100
3 8 98
29 15 42
14 20 18
10 8 87
18 10 86
23 2 71
10 16 8
12 18 45
11 9 100
28 21 38
11 13 44
20 26 39
20 32 68
20 28 56
5 30 70
29 5 50
16 25 75
4 25 97
15 19 26
26 11 26
21 29 94
23 24 23
26 7 66
2 19 74
15 30 40
12 14 54
12 28 35
19 17 93
1 11 27
31 11 19
3 22 87
4 10 49
5 3 59
12 31 30
15 24 61
26 24 45
10 15 48
15 3 35
14 10 56
29 8 13
21 11 31
13 27 67
24 17 96
6 5 41
27 9 48
20 14 87
14 2 88
3 18 42
27 23 2
6 3 30
15 8 13
6 9 65
30 13 85
9 30 37
27 22 27
17 22 40
18 19 74
12 25 70
12 16 10
1 19 11
3 17 10
28 6 53
17 20 91
24 6 79
28 26 13
8 4 68
13 14 31
24 9 25
26 4 28
32 3 32
27 24 94
23 5 93
31 7 52
15 7 61
28 5 12
14 1 2
6 17 23
9 31 92
19 15 92
28 31 39
9 2 97
14 9 18
29 13 79
18 14 86
31 8 38
4 28 9
16 2 10
10 14 31
10 23 44
19 4 54
20 6 66
30 19 19
20 15 73
29 22 34
18 12 18
27 25 82
10 23 24
1 2 99
29 10 97
23 16 32
19 26 43
15 22 12
20 15 11
27 18 42
8 30 34
5 12 51
3 8 2
31 4 12
10 15 29
5 12 29
13 29 55
7 11 76
17 23 98
20 23 64
25 12 95
32 15 64
20 30 70
22 18 86
27 4 11
27 13 13
26 5 11
9 21 23
4 5 20
10 3 38
32 30 96
32 21 77
11 22 55
26 23 17
10 15 36
2 13 98
29 7 53
16 9 96
15 7 26
2 19 62
2 9 1
7 26 63
32 25 72
17 26 19
8 27 92
24 22 7
32 2 13
23 22 7
11 26 8
10 6 36
9 7 72
3 11 93
13 10 65
6 11 1
1 10 50
21 28 28
19 17 82
13 21 13
7 26 2
7 9 52
31 23 74
22 12 80
18 7 6
27 28 37
17 13 100
1 4 69
9 8 34
7 32 21
28 32 28
1 21 50
10 21 62
29 2 88
16 15 80
13 25 31
28 10 67
14 9 95
3 11 14
23 3 50
24 5 15
7 17 15
13 32 21
15 22 60
19 23 51
9 6 98
11 5 5
31 8 44
2 8 49
28 13 15
22 8 5
3 5 57
21 22 65
27 21 93
20 17 27
9 10 58
6 26 26
13 24 7
27 6 34
10 13 95
17 18 53
10 31 38
3 19 38
24 7 96
16 30 18
3 8 11
25 28 93
13 25 8
28 5 50
13 2 68
30 18 6
21 14 82
4 10 55
16 7 84
32 26 64
29 16 46
11 16 34
16 26 60
24 25 52
29 8 12
7 11 80
27 1 23
5 4 59
3 27 68
24 9 78
19 4 15
7 6 68
1 5 74
31 26 14
7 1 59
18 5 41
7 12 13
24 14 51
5 19 37
11 24 59
8 9 53
27 16 79
14 5 50
17 8 15
8 1 98
27 22 36
3 5 23
14 8 44
17 5 38
4 15 61
15 31 42
2 11 33
18 28 10
4 1 78
8 3 4
11 32 82
21 22 82
23 4 17
7 24 70
24 17 90
31 17 99
24 32 18
5 2 56
15 23 30
14 9 56
4 3 64
22 15 60
28 1 84
15 5 72
15 5 1
10 7 51
28 5 30
29 31 99
12 32 30
2 20 61
10 6 41
1 19 96
25 10 65
17 15 6
10 7 74
7 11 99
9 22 70
20 13 96
20 14 94
29 10 75
21 11 73
18 10 39
2 29 68
18 23 25
5 2 7
23 19 46
28 13 43
12 11 50
26 6 8
14 25 79
3 13 50
10 29 97
31 7 67
30 20 89
28 26 28
28 13 33
17 31 2
7 22 13
31 32 40
16 10 55
10 24 40
17 31 88
15 1 58
27 18 46
32 17 11
10 32 40
21 7 23
27 17 41
5 12 88
30 8 7
15 10 19
30 28 35
8 15 43
25 22 74
5 23 58
5 11 86
20 9 17
32 9 21
4 24 99
9 8 64
28 24 10
27 26 4
27 12 70
6 9 35
16 21 10
14 10 52
9 6 17
32 20 28
16 18 63
26 11 61
10 6 91
26 15 73
22 21 44
20 10 67
32 23 24
20 11 6
31 19 66
4 30 24
30 9 46
6 19 83
26 16 74
1 22 9
26 16 67
26 17 98
19 23 66
11 32 95
18 29 19
15 2 79
1 22 83
9 22 76
31 27 3
12 26 47
14 28 91
5 13 18
25 13 66
1 26 78
6 21 67
5 31 83
11 7 72
5 16 27
3 4 87
11 24 67
24 10 37
11 15 30
23 3 65
15 32 46
13 4 39
6 16 8
27 24 47
27 8 21
9 7 74
32 8 41
23 25 32
8 23 23
9 8 23
21 12 47
19 2 69
24 23 51
23 28 39
22 1 1
29 20 36
21 27 58
21 15 1
27 8 75
26 16 37
8 19 18
6 5 27
8 9 28
17 20 52
27 18 52
30 20 58
4 31 9
21 22 82
19 30 76
10 2 16
21 4 56
20 31 80
9 26 65
2 28 83
1 29 71
29 10 16
8 16 45
13 22 18
1 8 3
22 30 70
13 3 43
21 10 45
6 4 51
30 8 83
26 19 28
12 11 5
17 2 14
32 28 31
27 16 78
30 9 53
14 10 59
25 14 52
28 4 75
25 11 29
18 16 99
10 12 44
11 28 93
25 8 12
21 23 41
32 30 28
11 22 26
24 6 38
17 6 56
3 2 68
25 17 30
21 23 44
27 10 87
30 1 75
3 16 39
4 17 86
1 11 4
15 22 71
5 16 88
22 13 84
5 19 9
15 1 71
6 12 53
9 3 9
26 27 31
2 7 67
19 14 42
18 4 74
29 24 12
2 12 100
27 25 7
9 23 18
22 5 85
8 19 1
11 19 7
21 25 88
16 18 87
28 22 69
10 24 32
25 15 79
21 12 86
30
26 343
18 7 38
8 22 93
14 23 57
5 14 99
12 5 68
16 19 40
25 20 56
15 13 50
18 4 3
22 1 51
9 12 7
23 4 70
9 20 93
23 19 20
19 9 36
11 5 2
24 19 64
13 22 53
23 16 89
22 4 15
7 5 43
6 22 77
21 15 57
7 9 62
17 8 57
22 5 31
23 5 9
18 10 31
3 14 18
12 1 25
20 2 49
21 6 16
1 26 88
9 7 91
11 4 5
8 18 58
11 2 15
1 23 7
10 8 16
6 21 74
10 18 94
13 2 60
8 17 22
8 5 32
4 21 36
13 25 13
23 18 27
13 6 59
11 6 78
16 26 29
14 18 32
5 19 32
14 13 12
3 12 55
11 16 6
6 20 27
26 6 13
21 10 11
10 4 61
26 11 7
25 18 85
14 13 80
21 11 37
26 15 71
2 25 21
7 15 75
24 12 100
24 21 86
18 20 28
3 4 71
23 1 1
17 10 10
5 19 72
21 18 81
12 3 81
3 17 48
9 12 90
19 8 51
16 22 76
16 20 84
12 21 30
16 4 8
1 10 15
9 17 93
5 19 20
15 23 29
10 14 61
13 1 95
11 13 15
12 17 36
14 7 47
15 8 94
6 19 40
9 22 60
16 13 74
5 7 73
1 11 11
1 8 88
25 15 70
3 8 75
3 4 12
17 3 32
23 11 30
17 9 33
16 12 41
24 16 8
21 1 66
23 3 85
24 2 22
3 17 6
23 11 85
19 24 82
1 18 5
7 21 63
4 2 43
6 22 96
26 23 64
13 3 40
17 24 98
20 13 61
5 12 84
17 14 52
15 1 82
11 26 33
25 1 56
18 15 81
11 1 96
24 13 3
2 17 97
25 11 87
26 16 11
17 1 96
1 25 40
8 18 89
16 1 74
2 12 4
6 18 20
4 5 79
17 15 74
15 2 1
1 5 97
20 26 76
8 1 76
5 13 45
15 19 1
5 14 33
1 2 33
21 18 73
9 21 99
25 9 20
16 4 85
6 10 84
12 25 98
17 3 97
15 20 5
4 10 98
1 7 7
5 18 79
13 20 87
4 14 6
24 16 6
12 23 29
18 8 25
15 19 29
6 17 77
1 6 100
11 10 78
23 21 30
22 26 40
25 21 65
18 3 71
19 14 82
22 10 19
2 8 62
11 4 18
13 10 45
26 25 49
24 21 77
17 20 43
1 9 83
5 16 82
12 10 52
3 9 90
17 14 82
4 16 66
6 14 50
9 14 77
1 19 18
10 14 19
12 3 43
11 10 61
3 1 45
8 22 68
23 15 87
15 26 48
3 9 17
18 9 18
24 26 42
9 13 77
18 10 84
18 20 83
18 6 48
7 9 13
18 3 51
25 14 11
12 13 23
1 7 42
13 24 89
10 5 39
1 11 78
22 20 81
6 7 22
7 3 10
22 19 77
17 19 48
20 6 97
15 26 60
12 25 14
16 13 78
6 2 3
11 25 10
9 3 15
21 11 24
5 16 28
11 3 75
5 26 92
15 19 31
1 16 85
17 23 4
12 11 82
14 2 7
15 17 52
6 14 44
7 21 41
4 26 74
15 24 8
13 10 80
22 3 82
13 14 81
21 3 83
23 3 76
17 26 45
24 11 60
12 9 79
18 20 52
7 8 20
8 13 85
24 1 37
10 26 24
17 15 88
15 7 30
16 26 77
21 23 4
24 19 16
22 19 56
6 25 96
12 19 67
17 5 8
1 17 78
16 5 17
24 16 12
7 17 84
12 14 79
10 8 4
17 9 21
4 10 95
3 9 65
24 3 83
17 11 27
22 4 63
20 5 49
14 23 54
8 19 81
7 25 31
21 6 42
8 5 85
19 21 41
20 9 97
26 18 7
20 6 26
26 17 5
2 12 91
13 19 49
11 18 13
17 10 37
24 7 93
8 19 2
12 17 78
16 1 19
17 20 40
2 10 82
13 21 83
2 12 50
11 25 14
19 17 80
2 11 72
9 14 39
5 16 48
26 20 8
14 20 50
10 26 74
19 12 9
22 6 25
10 6 25
14 13 35
23 20 52
15 5 32
8 7 39
18 20 88
19 6 44
22 16 43
1 17 35
2 16 24
6 12 88
17 21 28
6 5 27
9 1 16
26 20 85
23 12 13
6 20 50
10 17 100
16 11 51
12 11 45
26 22 68
8 10 50
9 22 85
21 1 20
23 6 47
19 20 88
22 11 99
9 4 90
17 22 73
12 20 86
9 7 43
6 7 42
2 4 96
2 19 32
24 18 36
6 9 48
22 7 42
10 24 58
23 1 76
6 13 95
23
