10
71 4258
38 66 31
65 23 22
63 12 84
52 55 9
25 7 97
19 43 92
51 3 17
14 9 73
65 59 11
42 70 58
21 54 62
8 61 99
25 35 86
25 45 7
54 47 9
65 35 31
42 17 78
36 21 58
17 67 50
41 10 35
16 6 38
63 6 27
65 16 95
50 31 52
41 57 74
2 64 6
71 32 60
46 63 70
4 30 5
35 4 7
17 48 16
55 51 25
22 29 29
18 14 38
32 65 2
6 33 95
33 6 7
67 38 34
12 57 29
38 36 13
29 23 65
8 2 98
51 5 62
35 25 92
54 55 3
51 16 84
16 29 89
20 24 65
71 18 78
59 7 78
34 65 81
43 44 46
12 54 86
16 39 67
17 67 68
13 37 86
43 70 73
22 63 40
16 1 87
22 45 4
10 53 53
27 59 66
28 41 18
54 44 3
26 29 83
5 53 46
67 48 67
34 29 24
69 5 17
11 8 7
28 39 11
2 12 83
36 68 30
66 29 22
61 10 37
26 10 66
41 36 3
4 15 24
59 46 98
34 35 5
65 21 32
49 2 44
31 56 62
51 2 67
61 67 52
10 70 19
17 36 77
48 67 93
67 22 30
26 17 17
30 38 88
13 2 12
67 24 76
51 49 24
61 60 33
1 42 46
26 22 80
48 58 67
26 68 93
10 56 42
65 66 85
55 8 12
3 53 77
49 14 4
6 37 8
45 51 34
66 44 63
8 43 55
65 2 71
12 24 18
61 14 70
30 61 94
67 28 90
69 10 59
58 36 15
28 9 64
51 9 92
57 21 15
69 56 54
10 60 92
21 45 71
1 68 73
32 48 60
60 69 23
54 41 43
18 25 92
42 45 70
52 9 59
15 69 1
38 43 98
54 20 83
33 49 48
41 31 3
54 50 13
43 64 82
42 46 2
29 22 6
70 60 76
27 30 99
71 6 3
48 14 31
22 60 94
36 5 51
8 6 57
23 6 63
57 48 51
36 35 24
62 53 2
27 66 2
68 33 88
32 34 78
15 42 46
70 19 17
29 22 56
56 41 91
14 20 97
7 29 67
55 46 51
1 61 49
54 33 22
65 71 48
62 37 94
63 3 74
43 4 72
35 4 71
43 45 15
3 21 31
60 48 47
55 37 90
68 39 42
51 28 70
43 61 81
39 37 12
18 6 53
28 38 1
11 31 98
23 49 15
71 53 33
7 15 78
57 41 73
26 42 86
22 69 9
42 30 45
40 12 32
26 23 9
24 30 7
41 59 71
5 13 54
26 61 62
39 27 15
32 12 73
70 30 91
70 69 50
11 22 59
43 12 69
13 58 68
2 55 61
51 16 21
55 65 75
16 42 52
4 16 47
18 20 16
55 65 99
34 45 58
40 45 52
55 28 94
3 7 1
19 61 61
16 31 70
46 17 35
23 40 97
51 50 64
26 61 20
38 66 50
13 54 100
37 56 38
54 66 81
14 56 64
3 20 57
58 31 60
9 51 31
33 8 71
27 67 42
4 70 21
16 27 33
2 49 48
42 67 63
20 47 97
50 38 12
56 67 1
37 11 51
68 54 52
59 6 48
26 23 38
58 36 85
1 34 28
15 12 99
50 45 20
68 56 63
34 66 61
28 61 71
24 12 70
70 3 93
48 12 8
18 38 41
30 42 36
59 36 28
21 10 47
30 25 61
23 44 26
21 44 98
56 27 86
69 6 20
59 8 56
8 26 31
6 66 45
2 7 74
34 67 14
49 47 45
17 58 1
46 4 33
16 54 34
5 33 8
65 1 72
42 48 94
28 13 87
66 29 14
2 56 77
44 50 49
68 52 89
45 57 69
43 49 31
31 48 19
38 34 87
22 3 69
67 57 46
21 65 86
9 16 8
53 52 68
48 31 15
37 54 53
58 31 49
11 9 84
6 61 28
54 61 92
68 40 58
16 50 60
26 12 44
35 40 23
58 52 4
23 38 53
55 1 50
29 33 51
40 46 31
61 63 62
14 46 92
46 53 19
49 3 46
42 46 47
67 56 54
2 49 82
69 54 46
71 12 68
17 62 41
14 42 28
11 67 100
48 64 16
28 8 71
7 52 44
42 58 39
26 13 15
22 8 69
56 30 78
34 51 37
44 8 89
1 2 85
65 27 26
60 52 14
8 33 28
68 4 35
22 32 57
43 62 72
53 3 29
60 32 87
64 32 32
38 3 40
37 62 94
12 32 66
71 7 30
35 70 81
59 20 23
34 55 91
2 29 36
10 59 37
64 23 90
23 61 84
12 41 36
10 52 37
13 24 87
19 34 26
27 71 30
65 6 36
7 12 100
47 7 6
27 20 33
52 68 55
5 53 76
39 24 32
59 47 54
43 70 34
36 10 2
42 3 100
36 44 49
28 14 22
43 38 85
71 25 87
41 54 12
30 7 18
19 5 34
37 30 12
16 71 84
24 37 76
4 14 90
10 14 20
10 19 97
7 35 68
8 29 9
5 62 38
71 27 58
2 1 15
39 33 67
68 21 59
52 51 17
16 25 13
47 9 13
11 56 83
71 16 68
41 67 43
25 52 89
60 67 44
53 68 57
55 36 51
27 15 70
57 10 25
24 59 62
55 43 37
28 49 42
52 55 6
25 68 60
52 58 76
69 60 98
32 50 95
66 46 17
37 67 44
30 10 52
13 63 89
35 28 16
34 9 14
5 62 75
3 55 72
49 48 44
4 9 13
69 31 47
2 36 57
18 53 64
30 45 6
35 25 78
70 21 10
9 68 26
64 13 18
55 17 46
63 10 24
58 29 37
41 38 79
36 57 71
31 62 37
30 64 4
64 67 44
48 61 88
70 1 67
8 11 36
50 59 42
14 20 18
6 63 71
35 12 14
34 67 35
31 16 5
52 48 54
53 67 17
53 65 93
18 62 14
30 21 40
69 29 100
50 23 43
32 59 8
25 16 86
37 68 32
16 50 70
51 10 26
61 43 54
34 68 71
18 45 95
37 30 57
26 45 12
53 39 11
9 59 90
47 60 96
12 15 57
67 57 11
33 42 78
57 44 97
70 38 37
35 27 7
38 31 14
5 23 81
29 16 21
67 24 73
21 55 31
6 34 63
40 51 42
15 66 53
14 38 60
54 1 68
1 15 76
25 29 14
34 14 39
43 36 13
12 70 10
24 54 4
38 43 4
45 53 8
42 60 32
35 20 43
55 64 80
55 69 38
47 54 28
51 63 15
35 9 83
11 15 70
54 32 66
27 31 37
36 8 92
17 27 76
12 10 42
52 42 29
3 7 29
10 40 5
2 58 25
44 48 1
16 57 37
45 11 25
10 58 27
68 32 21
6 37 73
35 67 64
25 67 4
4 50 99
21 17 32
50 71 46
7 28 7
24 68 41
28 48 70
36 37 61
35 66 18
10 51 45
43 3 15
18 4 33
11 30 99
47 67 81
7 2 99
63 24 43
20 71 67
29 25 84
20 35 89
22 8 77
49 32 53
41 45 19
48 1 72
37 15 77
28 52 62
47 4 75
28 33 68
25 8 22
43 32 79
1 66 31
66 7 2
19 40 91
44 39 90
64 34 73
41 46 14
32 13 24
70 20 57
34 53 70
50 42 30
11 8 38
60 20 60
19 17 94
38 61 83
18 10 67
46 65 86
30 56 32
11 43 86
45 40 2
49 37 90
4 10 54
6 8 4
35 23 11
20 28 82
28 51 64
4 39 77
68 50 17
3 41 19
63 60 7
3 25 64
4 69 99
57 56 55
20 23 49
21 13 70
29 33 37
69 8 48
71 66 26
40 21 44
6 67 68
59 46 62
62 36 73
47 63 74
14 32 44
42 15 75
39 35 36
2 48 24
39 67 9
70 21 49
28 22 12
9 7 77
57 53 4
59 10 100
6 3 29
10 27 9
58 18 38
19 41 56
35 67 44
31 29 27
24 31 10
22 61 78
21 32 14
57 3 67
34 6 84
45 50 19
48 37 65
36 68 89
68 18 57
66 20 20
59 21 24
33 45 75
56 60 13
55 49 36
9 33 64
16 29 80
59 64 43
37 33 11
65 48 28
67 62 49
61 34 79
47 51 23
2 57 25
48 44 62
69 17 4
64 30 85
44 24 59
49 18 44
46 24 3
42 22 77
20 12 99
66 40 63
21 57 72
30 42 81
20 65 54
23 15 23
24 3 52
45 50 82
13 12 61
7 30 56
41 33 40
61 71 80
45 36 42
1 44 1
46 53 76
5 59 73
30 55 38
3 18 15
34 26 70
21 15 40
46 48 99
50 64 38
26 65 8
53 3 62
25 26 95
14 4 48
68 22 55
33 22 32
3 37 6
63 16 90
56 21 62
22 40 27
17 51 89
54 58 76
37 12 87
69 43 33
35 29 29
55 39 15
49 11 60
67 34 65
57 60 75
61 26 90
8 48 69
35 52 58
32 1 23
65 23 17
15 17 56
42 43 7
35 22 54
71 62 64
53 13 21
30 3 97
57 33 83
15 53 11
5 14 12
67 59 56
64 35 75
63 43 28
48 54 8
29 46 87
40 43 69
69 27 58
33 4 90
41 69 31
59 51 67
35 51 42
69 27 65
62 52 2
63 50 41
20 61 96
7 69 52
59 64 37
43 35 69
18 25 27
45 30 33
65 20 14
10 31 57
59 57 23
63 39 2
20 15 23
7 34 94
54 36 97
27 16 30
55 35 47
51 4 26
58 64 21
35 36 25
40 19 46
17 3 39
5 18 52
17 28 48
2 22 24
12 55 88
7 21 1
60 22 76
47 26 29
42 13 43
59 45 61
53 21 57
32 13 80
51 10 40
30 63 88
70 24 78
9 2 40
18 61 65
42 58 59
22 52 79
8 30 38
22 71 39
31 46 56
40 20 78
16 39 44
2 65 29
13 44 72
59 57 90
42 68 82
5 48 42
26 35 91
38 16 92
37 52 48
3 51 16
62 55 83
33 32 27
33 70 80
8 54 46
31 44 6
34 31 27
34 48 100
46 31 82
21 54 86
43 15 41
61 42 90
2 16 80
21 35 18
51 50 49
59 5 30
25 41 38
24 27 27
36 42 92
62 25 49
64 71 69
63 43 18
2 13 31
7 52 12
12 11 87
61 5 1
12 17 32
31 22 54
20 42 93
50 5 49
37 39 44
24 18 26
68 42 66
14 17 78
19 16 60
13 23 19
37 70 65
9 4 93
27 41 28
70 7 74
7 52 45
43 3 84
69 67 61
44 38 18
12 39 55
1 5 11
43 26 83
2 27 77
43 48 24
49 41 30
21 37 19
62 50 54
12 28 91
21 22 20
66 19 22
16 33 41
68 44 87
43 69 15
50 59 81
57 56 11
42 14 42
46 60 59
14 56 58
10 7 83
53 41 66
38 39 8
22 63 60
4 27 33
53 28 8
56 24 26
34 43 19
19 69 89
45 46 10
15 18 47
70 23 63
7 35 38
54 56 68
43 6 1
59 24 17
26 4 23
25 70 79
6 9 17
63 68 77
10 33 30
8 16 89
59 6 39
70 53 30
69 11 60
21 4 7
4 50 30
60 62 100
67 48 29
39 1 61
35 4 86
52 42 97
15 45 41
14 34 54
20 25 33
62 13 10
20 12 77
69 8 79
4 53 34
6 45 15
41 52 94
71 6 51
20 30 20
29 4 52
40 63 27
17 21 95
8 70 23
3 57 2
13 58 30
21 16 87
55 46 91
46 28 78
5 43 77
40 7 83
4 50 25
49 9 80
62 63 41
50 40 82
68 36 50
16 44 79
6 1 79
34 11 97
2 28 1
52 57 35
26 30 94
43 30 24
33 9 33
67 24 87
33 43 32
11 25 23
34 11 16
32 35 52
15 7 85
32 28 30
54 32 66
14 33 6
42 3 52
27 33 52
7 24 81
56 17 39
26 37 96
62 69 88
43 33 40
12 19 33
30 70 59
12 24 9
5 4 93
1 7 83
39 31 68
18 46 37
28 63 32
13 23 42
15 63 94
38 59 4
2 51 45
50 70 64
5 14 15
27 30 27
60 9 41
13 35 38
69 70 43
42 63 54
50 64 8
58 55 16
42 28 2
59 49 69
57 69 2
34 19 33
10 51 11
50 58 31
3 14 84
40 60 11
33 21 2
29 12 78
54 20 8
10 36 55
20 66 63
57 19 35
32 37 68
28 43 28
53 52 69
36 10 86
43 10 19
42 18 14
51 17 66
10 64 77
54 27 57
41 34 61
28 62 60
30 24 6
33 67 8
62 63 72
10 45 11
60 12 1
51 30 51
17 20 68
19 47 28
35 1 42
57 30 62
4 14 5
37 41 26
1 68 96
15 4 75
41 4 71
26 31 36
6 71 59
2 9 60
71 41 67
48 59 11
27 71 45
5 66 50
59 35 9
60 27 87
52 20 44
59 17 21
43 70 86
35 1 37
19 49 58
17 9 2
58 10 9
36 11 85
28 59 72
31 1 13
42 10 49
49 59 47
52 36 3
50 57 93
39 70 45
3 11 73
15 49 2
40 71 14
33 41 34
16 60 36
57 55 17
37 57 27
39 45 76
24 20 49
42 24 2
36 60 98
38 58 75
45 66 22
59 2 13
44 63 95
45 36 93
58 68 45
13 64 81
12 4 4
53 29 1
51 36 65
24 21 9
67 19 94
57 28 80
15 13 81
13 15 64
21 28 96
18 44 65
51 50 44
53 50 45
63 62 89
31 12 77
4 16 50
31 61 10
21 48 84
49 28 83
38 21 89
28 34 90
49 21 50
50 3 15
6 43 33
50 9 79
32 58 57
63 39 36
45 38 66
65 49 51
21 36 2
23 43 79
54 53 94
36 26 98
60 39 76
52 1 64
57 39 64
1 38 69
61 9 16
66 46 42
44 71 73
56 8 28
9 23 85
60 10 23
62 51 10
47 8 5
17 10 16
22 2 58
43 22 85
27 2 6
22 32 76
64 65 95
11 36 55
4 66 43
46 69 66
57 30 89
39 7 85
36 40 72
43 34 37
31 51 59
53 24 82
62 68 74
41 38 68
53 68 9
28 53 10
11 28 83
9 45 77
45 34 80
27 60 80
32 39 7
25 22 41
16 21 55
36 62 57
62 23 69
13 20 24
66 48 44
39 44 11
2 21 95
65 16 19
31 20 39
59 55 63
3 12 98
53 1 79
16 71 73
55 18 7
61 23 96
54 46 47
31 56 4
1 36 39
41 71 62
37 40 73
62 43 44
5 43 30
11 12 89
45 38 74
8 24 74
37 20 36
11 59 72
5 58 40
47 14 77
12 11 34
12 57 97
16 62 44
1 48 33
37 61 73
37 63 24
4 43 43
25 19 100
53 6 3
1 26 90
27 19 72
46 29 98
39 53 67
61 8 22
50 39 32
66 63 60
39 44 16
46 50 76
46 7 70
43 33 55
40 46 12
26 50 11
6 13 89
34 22 58
9 27 74
70 25 85
20 41 74
64 31 21
6 33 69
2 42 89
58 18 57
59 43 44
45 56 74
70 9 60
60 34 18
40 50 71
69 64 47
31 25 99
49 19 69
12 3 1
39 12 39
26 19 52
54 19 3
66 41 49
27 49 83
58 43 100
56 35 76
5 45 14
25 62 89
68 66 52
68 70 38
52 46 78
24 3 72
42 70 24
2 8 55
17 59 86
63 16 18
67 64 59
3 56 39
39 69 54
63 36 9
13 3 12
49 44 21
18 14 78
41 33 92
51 41 37
30 31 83
19 23 9
52 32 34
46 12 6
68 18 75
26 20 38
39 5 39
6 40 21
32 15 76
20 38 1
12 1 58
19 38 75
68 22 17
23 41 35
61 19 63
24 42 14
46 69 89
66 38 56
55 32 75
46 55 37
57 16 6
34 5 4
1 57 57
16 55 87
43 38 59
26 43 20
36 4 39
12 16 45
63 55 29
38 22 76
36 62 44
30 6 33
52 40 17
41 20 26
40 61 99
23 50 99
64 46 16
6 3 40
57 19 72
58 33 22
68 47 2
33 66 32
42 24 37
47 60 59
28 31 75
41 24 7
18 40 96
71 36 14
60 67 91
53 7 89
38 6 100
3 24 48
54 71 28
62 1 96
59 49 57
26 17 48
15 57 42
8 66 31
20 64 88
54 59 21
17 34 66
40 49 16
43 26 19
32 28 32
26 50 74
27 12 15
52 12 44
56 1 22
70 12 30
43 19 41
12 46 83
61 32 17
12 65 56
38 6 80
49 39 35
25 32 88
30 15 53
64 43 46
36 64 6
49 41 4
61 35 18
5 50 56
26 29 50
34 17 17
43 2 46
21 5 67
40 61 17
18 48 1
56 67 27
69 2 16
18 21 49
6 42 36
2 27 95
60 49 41
48 16 53
46 8 77
43 69 4
56 42 52
20 65 88
59 71 47
43 47 76
63 61 9
59 25 20
19 42 63
14 71 58
35 52 8
32 64 82
59 2 7
68 53 43
46 53 63
57 60 89
14 47 65
38 28 40
71 16 78
53 12 5
37 39 87
25 51 50
45 10 13
36 3 67
65 71 94
71 38 27
22 71 71
57 10 87
66 62 49
40 57 34
63 20 89
13 3 93
43 23 20
51 39 65
39 17 6
33 35 11
47 63 88
67 47 90
6 70 4
44 62 9
49 60 17
66 53 17
23 33 33
61 42 74
25 7 10
46 56 43
69 66 59
53 39 43
35 10 52
40 48 14
43 71 97
17 15 19
27 45 1
43 38 84
10 45 100
7 47 70
51 7 19
70 41 18
10 28 9
2 65 4
7 4 88
6 62 94
24 40 72
65 47 24
64 65 84
39 11 15
9 21 100
27 3 64
26 43 56
31 50 9
35 17 36
22 62 100
45 59 95
67 26 3
27 65 32
29 17 46
10 66 45
40 69 68
37 12 48
7 22 12
68 64 41
38 6 34
22 11 33
9 52 30
29 63 18
16 18 47
20 40 75
22 52 43
41 56 95
48 50 34
56 51 50
48 60 83
48 12 79
63 66 40
64 49 56
58 44 67
69 8 77
71 29 59
20 49 26
31 8 76
46 38 73
29 48 85
33 69 52
15 38 37
31 12 65
16 60 3
6 68 50
1 30 72
40 57 28
53 56 32
4 58 14
2 17 98
6 31 44
29 45 4
50 70 81
36 25 88
58 15 42
60 30 5
1 57 50
44 28 54
54 39 47
31 42 80
4 21 26
6 39 71
68 15 91
45 44 84
57 70 87
26 15 83
8 39 35
44 13 85
41 59 67
36 53 17
63 53 60
41 30 29
22 46 59
64 32 7
23 25 17
69 22 52
20 5 57
22 35 67
49 2 27
58 35 82
53 70 25
38 61 71
40 30 51
24 59 82
71 47 19
61 26 96
37 63 45
64 9 56
4 40 71
41 33 50
61 70 7
67 57 11
31 4 9
26 61 63
41 71 71
68 21 24
43 27 84
17 8 45
69 35 29
36 60 89
44 41 75
20 32 74
27 10 75
28 7 9
6 11 44
61 58 91
14 58 55
48 45 3
30 70 45
35 18 75
38 48 91
65 17 98
1 61 29
3 49 69
6 34 6
34 21 57
32 24 81
56 33 38
26 16 18
38 58 15
70 59 58
51 2 72
2 62 28
43 11 73
25 28 49
67 39 64
44 7 68
6 40 66
9 46 25
28 16 88
34 18 42
55 6 2
7 2 7
34 70 77
36 18 21
70 12 70
44 12 100
67 54 41
23 56 78
68 7 22
47 66 3
9 14 51
46 15 27
11 65 60
8 20 21
14 26 5
3 9 81
2 3 1
14 13 78
66 25 12
6 50 30
21 14 79
47 18 52
47 71 48
30 39 31
55 43 90
7 10 90
12 7 78
46 9 86
1 9 94
25 66 38
30 23 17
41 46 56
11 29 7
38 57 51
26 51 50
49 2 14
67 32 26
14 31 50
32 37 56
44 18 35
36 24 56
62 64 2
55 15 31
68 19 35
38 7 72
49 46 81
61 4 1
70 42 46
35 40 99
20 32 84
9 54 57
50 57 99
46 22 80
8 17 25
4 66 18
39 67 83
34 31 70
68 40 65
30 19 62
9 4 17
54 59 11
31 10 21
65 51 35
46 16 50
11 60 58
53 32 10
38 30 28
59 53 11
20 47 5
48 62 36
14 48 82
58 36 84
59 36 89
44 48 78
68 14 70
13 65 63
48 71 13
4 63 37
18 30 53
27 62 22
21 56 70
15 59 61
55 21 67
61 31 92
60 58 17
22 15 89
55 14 1
36 39 70
10 53 24
44 35 44
5 20 99
45 7 69
6 56 85
44 51 18
71 25 60
22 16 3
32 46 89
67 26 45
40 27 44
64 16 27
13 54 53
24 34 15
57 51 19
50 30 33
28 19 80
18 46 40
16 8 45
67 41 51
16 64 35
32 35 9
61 30 84
57 64 12
5 7 36
19 31 95
3 70 12
51 44 89
24 25 28
6 52 80
59 67 49
10 66 88
24 22 22
15 20 6
13 32 40
14 44 86
29 7 83
22 36 24
31 32 76
10 35 95
43 62 37
35 36 14
27 30 89
9 22 39
42 39 6
30 28 67
38 30 98
67 58 64
9 50 38
6 20 98
59 58 17
67 39 93
23 20 76
45 11 73
35 14 53
63 69 85
3 59 94
53 48 98
43 11 100
64 60 37
11 32 19
49 60 5
7 16 15
59 30 30
44 10 32
25 42 74
10 35 89
32 34 54
3 27 5
29 50 44
65 41 92
69 3 9
5 59 77
63 24 50
31 41 93
47 24 52
43 66 53
52 49 33
43 41 7
39 40 90
47 6 27
49 18 57
30 60 21
66 39 65
57 5 22
42 44 71
41 39 4
66 22 62
19 3 30
19 4 24
7 35 39
42 38 12
67 45 36
2 13 48
45 60 24
9 15 41
5 31 5
65 33 65
70 25 27
50 8 38
48 23 96
28 11 16
5 32 5
32 67 46
43 19 48
12 59 88
60 36 58
7 28 60
27 32 89
23 39 50
66 59 95
44 26 1
30 8 94
68 65 89
12 2 36
7 37 47
47 6 62
30 52 80
8 7 29
36 68 25
66 18 6
57 48 88
46 50 72
68 6 61
70 61 81
50 55 89
60 68 81
6 52 48
25 37 79
65 9 42
4 44 29
63 34 65
62 42 2
63 48 13
47 54 38
42 28 80
53 57 92
20 28 12
20 18 38
20 57 47
31 1 9
19 10 14
56 41 86
64 44 55
30 12 88
1 25 35
28 41 21
48 26 10
1 53 57
43 58 71
67 40 91
61 35 66
37 52 12
20 63 76
38 51 91
44 41 42
36 12 20
21 1 34
57 70 5
44 38 32
4 66 65
60 27 9
23 29 4
40 66 22
59 22 9
52 54 98
42 51 74
65 5 66
6 42 18
3 43 75
53 69 95
1 54 90
43 20 41
27 57 99
1 46 86
25 66 8
70 50 81
8 51 92
44 30 29
10 70 47
16 15 25
3 10 40
39 31 95
58 7 28
14 31 22
33 31 55
14 68 53
23 37 42
36 43 17
18 37 64
27 61 99
54 9 3
26 49 69
63 67 60
28 59 10
64 41 10
10 35 83
9 56 15
14 64 38
43 63 38
52 37 23
9 13 82
22 41 16
27 47 46
62 51 17
29 40 85
39 56 11
27 12 93
37 11 28
17 35 39
51 52 43
25 13 24
40 21 90
24 13 75
16 32 74
37 11 74
14 65 80
63 71 28
62 58 24
47 23 84
10 53 84
12 40 3
5 38 5
27 69 21
49 52 20
38 4 91
23 37 2
61 11 56
13 28 77
27 14 21
58 47 36
33 69 16
4 29 65
17 32 74
37 68 53
7 63 95
49 34 64
5 17 54
45 61 15
54 53 34
12 33 93
14 30 47
46 21 94
68 14 100
67 28 32
8 38 6
27 46 16
27 23 78
17 21 43
23 37 56
7 30 36
21 3 47
62 48 38
23 37 16
41 31 97
15 58 83
50 68 74
47 43 38
35 55 43
67 22 53
42 1 45
34 33 67
34 64 6
37 16 48
56 47 3
1 43 97
21 42 50
28 66 73
11 21 95
71 38 33
71 21 33
31 65 27
54 60 17
40 27 72
36 70 76
63 34 36
47 61 99
16 14 37
38 46 96
60 52 92
57 51 70
29 19 79
53 40 36
64 44 46
47 33 35
67 53 31
56 34 27
63 68 74
52 38 26
6 26 68
21 41 79
20 46 84
51 26 94
49 6 42
47 36 53
14 44 90
10 71 1
40 17 42
44 46 65
52 34 81
12 7 82
2 43 9
71 66 33
35 46 67
41 8 52
40 29 59
18 57 4
59 7 84
62 43 21
63 37 27
67 50 13
17 26 75
45 39 22
27 21 47
57 65 55
57 40 16
34 46 5
1 3 41
22 55 16
5 57 36
34 28 26
18 1 100
8 47 95
49 51 48
64 70 66
9 50 5
9 55 2
61 28 28
15 69 13
31 29 38
14 37 57
63 48 22
65 46 44
21 66 43
64 12 95
28 31 60
26 10 56
27 57 50
30 51 23
60 34 13
14 19 32
49 10 18
16 65 16
2 3 99
28 64 82
18 42 17
42 44 13
46 8 12
12 57 57
25 48 2
51 66 31
17 33 51
17 69 74
55 50 13
14 25 95
9 48 31
49 37 3
59 21 96
24 46 4
62 3 59
59 11 8
10 58 62
62 5 5
15 40 85
60 28 54
44 65 19
63 23 87
50 1 46
18 50 69
35 44 66
63 28 44
54 3 42
50 19 100
49 53 99
1 24 38
12 60 35
39 25 59
65 7 64
6 11 69
11 15 29
23 11 33
32 1 98
19 44 72
26 6 93
70 13 83
11 58 43
26 19 43
45 50 90
26 24 75
58 71 50
4 13 85
61 59 7
50 36 5
20 17 52
24 42 62
7 15 40
57 37 71
28 47 29
24 63 88
3 38 46
61 14 92
46 53 7
50 65 73
20 49 22
38 8 48
29 26 33
43 35 98
36 66 10
58 31 52
57 16 4
38 44 86
9 44 27
30 38 42
44 64 24
26 32 21
57 63 44
50 21 90
26 31 6
55 59 78
33 13 96
68 34 30
17 44 7
10 63 25
25 61 60
65 54 90
30 32 68
69 13 82
17 22 64
68 48 43
69 66 43
41 60 23
47 29 31
41 10 70
9 10 74
65 42 36
61 26 13
30 43 59
26 42 58
38 46 40
7 44 23
62 39 28
23 35 4
64 10 85
57 65 83
4 8 23
5 12 23
36 64 31
31 30 62
21 55 63
11 37 82
9 68 24
29 46 64
19 70 59
8 47 97
14 62 98
16 31 98
26 46 90
41 62 22
22 50 78
46 70 44
28 41 93
67 8 2
42 37 55
22 29 88
28 51 58
71 25 45
43 34 24
58 37 75
16 1 38
44 37 74
37 60 75
51 56 96
67 65 46
14 35 25
31 65 79
64 15 34
47 68 73
2 32 71
55 10 19
29 59 5
2 35 30
61 45 27
27 52 31
66 15 85
59 65 80
4 50 30
23 7 91
23 21 42
36 67 61
65 28 76
56 25 34
57 7 52
40 66 44
14 34 68
45 17 1
22 32 6
71 44 57
57 42 91
29 58 84
68 8 84
42 53 51
38 61 100
66 56 4
52 50 81
15 64 4
21 43 15
67 15 43
13 8 53
17 23 16
59 14 90
58 18 56
17 63 36
12 40 35
14 18 71
46 39 74
42 20 36
68 50 31
10 71 72
1 44 76
26 27 70
3 59 37
67 22 7
69 43 60
33 8 11
8 11 87
27 15 69
18 24 93
39 24 71
9 69 24
67 44 55
71 55 40
49 36 55
66 23 81
70 5 43
39 47 63
33 40 29
33 8 54
29 8 28
54 25 20
30 59 71
35 39 96
39 2 44
71 55 31
16 68 90
48 22 39
35 6 50
69 9 62
35 52 30
6 8 48
68 36 6
24 38 6
62 67 24
65 48 91
23 55 80
40 23 36
46 14 39
67 36 87
54 24 49
27 60 78
48 16 54
11 41 70
37 43 87
46 44 31
65 14 41
63 62 83
71 63 55
37 33 56
68 54 94
44 48 90
27 6 22
20 33 76
34 53 34
61 62 40
25 39 5
6 53 5
51 63 24
40 24 18
26 64 87
6 36 12
70 60 97
34 4 30
23 41 19
45 56 15
25 24 25
42 6 43
17 48 58
52 21 70
54 2 74
34 47 44
59 8 69
48 8 63
47 67 79
10 2 5
57 63 27
63 43 94
67 7 83
47 45 18
47 57 18
33 49 99
63 51 22
60 35 44
33 5 39
51 29 89
45 9 27
7 34 64
42 49 59
40 68 40
8 69 47
62 28 2
8 16 11
9 24 95
35 50 86
50 13 24
19 33 37
46 26 87
9 16 53
58 2 72
52 53 95
42 55 62
54 53 48
22 19 86
10 6 56
25 69 48
24 47 63
14 57 1
24 59 38
36 58 55
13 20 24
26 10 99
44 28 33
43 16 7
43 17 11
54 38 22
13 25 77
57 4 59
23 9 11
20 46 59
8 70 6
24 36 33
18 27 35
9 13 76
46 53 55
45 23 96
3 46 78
11 36 37
9 55 19
60 37 53
71 65 55
40 58 87
30 45 22
64 45 29
67 64 17
1 31 28
5 17 31
48 16 84
21 61 62
39 24 45
70 39 61
55 10 65
16 43 29
44 52 81
45 13 24
62 2 45
11 65 48
56 54 74
49 65 22
35 48 93
4 66 80
13 15 47
25 45 37
60 24 95
4 55 57
22 21 45
42 31 23
38 63 65
70 47 61
34 48 40
42 14 17
51 55 62
66 23 50
53 48 40
23 40 56
55 61 90
30 71 75
8 11 94
63 18 60
30 68 28
62 24 55
47 28 11
15 47 62
70 28 9
62 4 82
39 57 82
17 53 78
18 20 91
6 5 20
15 4 47
21 62 25
65 59 50
42 40 100
45 67 89
58 43 28
3 8 66
39 8 34
35 18 70
10 52 6
12 35 66
4 17 69
4 36 85
67 35 67
67 14 83
46 10 33
24 23 33
50 34 15
46 44 92
13 51 12
1 28 43
24 10 9
19 70 5
65 5 60
48 5 56
20 21 11
41 64 50
12 66 78
60 46 1
63 69 96
71 30 94
34 6 67
64 21 59
22 32 71
35 13 75
42 63 15
60 56 7
50 52 1
50 40 16
16 26 98
23 29 73
3 69 46
37 61 73
9 40 47
17 28 48
32 43 41
64 22 2
11 31 53
38 65 14
31 37 19
48 3 66
68 69 36
5 47 36
1 13 75
13 64 10
31 42 92
55 60 44
41 2 23
13 58 25
31 30 20
31 5 73
34 62 51
42 33 38
35 25 90
12 43 4
68 35 28
4 51 25
58 36 33
50 45 1
36 24 10
11 31 21
6 10 68
60 26 100
17 28 42
19 65 6
64 15 62
49 35 72
14 20 81
36 34 98
49 8 41
11 47 64
32 66 57
20 70 93
2 52 99
52 11 13
63 11 30
26 21 30
1 20 38
48 17 99
50 16 52
36 43 39
4 37 87
19 21 72
64 65 8
7 61 32
17 68 74
43 44 43
29 55 56
7 67 66
7 19 55
53 48 56
59 29 41
45 22 38
70 67 33
14 70 39
3 13 86
52 30 99
71 45 75
49 27 88
59 66 51
39 48 88
61 58 38
13 39 68
6 60 61
18 32 15
71 41 67
56 68 80
53 52 37
19 30 37
53 62 75
63 4 48
12 18 30
5 25 89
8 28 62
58 42 3
66 53 59
38 66 88
66 16 61
17 70 5
69 55 3
51 5 68
7 48 71
45 16 7
8 17 97
67 53 16
26 59 45
31 22 98
13 65 78
54 18 12
35 67 5
3 49 36
42 4 2
5 48 26
67 39 43
44 17 94
53 56 30
61 60 40
15 22 81
17 52 25
33 29 63
50 10 55
26 22 97
33 23 95
7 8 35
42 2 28
25 34 69
40 41 84
71 7 74
57 37 68
36 3 59
43 69 26
50 13 13
49 14 14
17 11 82
52 53 85
18 14 70
18 67 76
39 43 12
53 5 35
57 12 47
30 57 90
42 6 20
5 66 96
35 2 48
5 68 55
47 16 9
63 30 100
56 30 54
51 48 100
33 54 20
71 24 97
36 20 22
42 17 94
14 54 59
21 33 7
60 55 18
57 18 11
49 56 55
14 28 45
66 27 46
37 42 44
8 69 87
14 23 6
45 44 25
17 22 18
56 44 45
7 58 9
44 36 89
1 42 46
4 51 42
32 65 33
60 43 29
32 68 37
25 9 81
14 65 60
42 16 82
8 69 44
11 40 21
22 49 89
55 11 37
50 26 59
12 57 54
3 29 67
59 68 19
50 1 72
38 26 63
27 58 96
15 27 97
29 44 43
2 15 82
29 43 75
21 8 61
21 31 24
29 15 72
48 43 94
31 47 12
31 52 29
22 70 21
48 45 99
28 9 66
22 41 37
37 36 99
46 54 60
70 64 91
70 41 84
19 29 90
69 2 6
17 54 61
23 46 60
12 26 9
38 29 32
19 67 15
17 9 86
71 8 61
8 23 25
58 71 43
30 68 36
42 28 67
30 14 84
41 65 49
7 64 66
16 2 59
25 58 3
69 50 91
66 65 9
54 8 63
48 33 5
30 38 21
22 14 8
61 11 40
27 9 26
58 16 19
66 54 26
8 36 33
58 13 4
47 11 43
7 30 15
56 66 37
4 50 77
64 52 76
17 66 80
35 3 72
14 46 71
44 20 32
71 33 67
68 2 5
15 6 71
65 63 71
9 5 14
22 32 27
13 48 53
2 49 48
44 3 83
31 46 52
23 4 58
67 42 92
52 53 80
36 24 93
11 51 48
29 44 80
13 40 12
32 48 52
25 27 51
35 19 59
27 39 98
7 49 11
12 35 36
35 51 12
66 7 21
33 64 95
51 57 48
29 22 83
28 30 64
28 19 62
35 29 31
12 64 96
12 37 95
21 47 99
15 40 12
14 64 28
49 45 91
16 65 79
69 24 76
25 15 5
45 53 13
69 1 95
32 41 47
3 53 60
71 46 10
42 37 9
27 32 69
69 17 54
3 40 35
49 27 45
56 43 11
32 65 15
31 26 18
34 51 10
47 14 86
47 32 7
37 1 76
44 1 47
46 38 17
67 62 30
59 6 1
53 28 22
2 48 77
47 32 41
3 21 93
36 49 91
9 25 38
66 49 97
20 63 40
38 45 80
26 69 98
26 1 15
51 67 44
36 31 75
69 45 96
43 4 94
12 30 35
16 28 94
69 59 5
8 65 49
61 35 80
30 45 99
6 60 88
28 19 33
42 3 9
9 50 62
18 62 50
51 63 26
44 19 6
15 43 98
51 52 22
30 68 54
29 6 2
36 27 19
45 67 76
69 51 22
70 34 96
64 20 72
23 2 70
52 14 95
57 56 20
10 42 40
48 49 60
15 61 83
18 68 29
14 11 6
59 68 53
54 47 80
24 44 77
24 67 58
22 56 9
69 55 86
23 28 4
62 15 21
27 5 16
33 70 50
36 27 30
58 33 60
20 40 55
31 61 34
13 69 24
56 52 48
34 41 50
50 34 37
37 30 72
22 46 32
61 41 14
63 8 49
2 5 99
54 11 68
16 45 84
53 15 56
21 47 55
40 48 45
48 70 38
42 9 96
34 12 29
15 21 58
17 3 93
35 15 71
43 44 85
65 50 21
42 62 38
39 45 46
59 5 24
34 26 85
67 40 66
28 42 64
21 63 40
4 31 97
13 3 34
19 69 14
14 35 89
6 4 21
54 32 43
2 22 88
7 18 42
26 60 43
20 37 36
2 5 77
18 26 76
56 15 66
29 58 16
17 6 21
12 33 47
54 13 3
27 63 8
25 44 61
49 32 49
20 48 82
37 71 87
15 59 32
7 67 36
69 40 5
52 48 88
1 60 16
3 21 59
30 49 39
6 69 91
39 14 61
9 7 84
71 50 58
54 37 71
62 55 100
24 54 23
29 41 55
41 39 30
67 66 95
16 33 89
40 9 94
21 32 6
51 34 31
58 24 2
12 38 34
60 62 99
66 34 94
23 64 84
36 26 72
69 36 33
34 46 2
60 5 73
28 42 77
71 20 24
8 67 71
21 41 72
51 57 33
67 45 63
20 3 52
51 13 29
44 47 34
27 18 56
71 26 50
36 48 45
53 28 39
45 52 16
2 48 38
45 12 13
69 54 77
37 21 27
45 42 99
29 14 88
60 33 7
13 64 77
59 44 60
45 47 63
36 52 25
10 36 56
25 1 37
25 20 30
19 54 6
51 14 29
13 4 10
4 57 99
65 58 94
48 69 89
43 7 85
71 2 42
30 21 9
28 65 87
5 33 70
43 8 26
2 61 88
5 53 59
22 21 44
8 46 73
22 29 6
33 1 56
44 40 46
15 69 13
5 67 74
26 29 66
5 36 13
21 7 9
20 55 77
9 12 7
62 23 39
68 2 63
13 60 25
64 21 92
71 65 41
52 6 92
27 49 17
57 24 68
10 34 40
45 47 30
9 39 70
64 38 48
39 7 61
15 22 32
27 14 9
34 51 78
49 65 16
57 36 100
58 60 1
43 24 80
56 52 45
45 5 24
39 66 92
48 38 87
60 15 11
47 41 87
9 3 77
68 71 62
20 58 57
14 65 66
63 20 82
45 7 53
9 61 10
68 53 46
59 4 2
56 12 90
18 11 79
19 16 28
36 22 86
1 42 33
27 2 14
68 7 39
49 71 72
30 65 6
71 32 89
63 26 4
47 12 40
27 13 27
3 23 36
37 40 4
62 69 91
47 68 56
11 64 29
71 28 16
33 28 59
49 35 68
27 57 70
70 13 74
62 6 10
25 21 9
36 37 48
57 64 12
70 26 91
46 20 47
39 52 26
17 33 91
18 55 23
40 29 100
45 65 82
47 56 18
41 31 22
53 27 50
21 67 96
12 2 73
63 31 3
36 9 38
34 39 97
15 23 15
57 71 68
34 45 95
57 8 49
19 23 88
68 22 43
71 69 98
48 27 47
40 30 79
56 5 5
22 65 57
11 1 3
70 36 14
10 12 3
6 40 62
22 19 91
22 65 79
65 17 20
53 15 85
56 21 96
64 5 27
46 1 82
6 51 32
63 35 80
71 32 62
46 26 21
5 41 97
43 5 93
35 41 35
38 16 25
18 52 30
32 23 30
21 37 66
6 62 44
60 61 37
24 67 14
25 64 87
2 42 8
42 22 51
47 53 29
5 56 27
31 30 39
71 28 71
65 5 48
16 11 74
60 21 89
49 55 29
55 43 42
30 12 65
46 45 98
30 56 68
14 49 55
49 65 34
9 14 93
44 38 32
51 49 80
10 26 76
11 68 41
26 21 97
24 39 7
14 69 88
59 60 18
45 13 14
3 59 56
49 12 44
56 51 26
66 26 74
69 28 13
44 2 70
67 3 13
36 27 66
28 69 39
66 67 57
65 66 6
50 41 16
34 17 89
41 47 82
46 51 71
47 52 32
64 30 9
34 64 74
53 42 91
17 25 48
33 16 36
34 28 26
46 36 74
52 44 42
8 71 97
27 52 68
65 63 65
2 68 43
33 27 41
9 14 44
44 24 3
45 69 59
4 10 2
18 31 54
38 39 71
26 71 58
19 43 78
43 24 74
56 2 4
41 66 41
47 58 86
63 61 24
48 16 89
14 15 66
71 38 30
27 9 85
31 46 5
64 65 5
55 8 83
24 48 62
60 18 78
23 41 47
59 61 91
1 65 56
53 31 97
3 25 16
16 65 91
18 34 4
28 36 10
15 28 83
66 42 28
1 58 98
54 21 15
36 70 97
35 16 15
50 26 89
66 12 37
68 35 14
4 8 76
39 69 5
14 59 100
70 16 4
71 4 51
29 10 97
58 55 45
59 50 4
43 12 68
32 29 90
65 23 85
49 6 82
27 31 67
41 29 78
16 15 99
50 2 71
69 26 64
3 49 10
53 7 60
34 46 60
23 64 95
36 11 81
39 1 62
18 52 48
38 7 42
24 36 67
19 54 63
37 1 87
71 60 41
19 12 22
67 57 78
6 44 76
49 63 5
10 31 43
58 23 82
1 60 4
70 51 100
67 16 5
14 25 67
65 49 45
43 11 32
50 27 35
42 7 34
16 31 18
50 31 63
16 27 8
69 38 69
47 44 40
41 10 38
8 25 94
55 61 22
5 29 92
58 33 13
48 13 61
49 15 99
35 29 10
12 31 86
30 56 41
14 25 39
14 62 54
5 47 1
31 48 35
38 22 19
57 65 52
9 61 41
18 55 11
67 60 60
2 47 39
9 15 48
67 20 90
52 29 18
8 37 45
33 50 28
35 54 78
37 17 39
3 1 80
43 8 12
13 33 82
17 64 30
12 13 86
32 50 34
32 6 75
40 9 90
38 58 51
5 60 83
48 37 78
32 61 85
42 21 41
32 48 17
65 45 5
21 33 65
12 27 20
9 37 56
66 5 88
7 49 69
6 2 57
52 36 89
18 34 93
33 30 32
45 57 38
60 9 24
2 48 28
44 17 68
34 51 62
44 35 41
13 67 91
57 15 29
20 1 32
68 22 89
5 70 61
66 3 42
3 28 70
66 9 54
26 30 17
59 69 80
18 6 3
13 63 93
68 1 18
21 29 21
16 32 88
30 20 71
18 54 13
70 16 47
7 28 54
56 57 62
19 27 79
53 62 90
65 28 45
27 66 57
69 65 41
68 47 70
39 61 100
65 49 52
22 3 81
45 30 44
28 24 50
62 51 25
42 52 100
62 34 74
34 69 91
22 30 66
60 50 28
58 27 36
23 20 60
64 1 1
11 12 86
52 68 19
42 37 68
43 67 24
47 69 85
60 47 96
14 4 10
48 44 92
31 59 94
10 32 88
66 58 44
38 9 79
11 59 42
46 16 84
53 25 15
59 62 61
58 11 62
16 22 45
1 57 21
44 69 45
55 44 77
20 69 8
6 17 2
62 11 99
30 1 99
14 59 85
32 30 27
47 35 29
15 40 16
38 6 92
8 42 38
56 1 63
63 4 27
36 48 51
50 23 90
13 26 89
50 58 48
55 35 58
12 15 21
17 30 26
50 59 70
25 5 66
40 36 76
25 66 14
9 70 29
40 57 59
24 19 96
14 69 20
19 68 29
23 2 79
17 37 52
32 40 32
21 2 5
27 51 19
5 68 42
21 30 92
28 68 76
68 28 47
4 43 33
50 30 12
16 35 4
41 53 91
67 32 39
19 7 52
38 27 96
39 4 11
6 47 51
65 39 55
15 48 67
11 55 25
9 43 45
67 30 41
14 66 20
5 2 70
62 46 54
67 39 88
18 37 49
39 43 59
53 31 10
32 67 23
66 56 55
6 15 45
2 25 19
60 6 87
16 67 76
7 25 91
45 7 3
23 54 12
25 48 50
30 32 19
13 48 56
18 26 91
16 67 30
62 21 2
48 13 40
1 26 87
13 70 26
57 64 27
33 69 55
58 36 40
42 59 60
16 31 50
42 31 79
46 16 20
69 68 27
24 22 15
33 27 12
15 5 17
24 53 29
47 61 90
15 56 76
54 64 82
9 66 18
50 15 27
42 11 20
10 20 91
62 15 3
67 35 11
48 21 33
56 20 62
51 29 81
70 44 65
23 38 33
26 39 49
66 46 98
32 52 98
30 34 54
13 9 90
70 38 83
45 10 25
55 31 60
62 31 20
60 53 87
47 52 75
18 9 11
33 61 11
57 62 43
2 43 77
68 55 35
71 1 26
62 14 95
37 38 82
26 22 39
57 31 59
53 30 27
66 42 35
53 66 81
57 27 58
6 28 38
69 14 28
54 13 68
69 31 26
30 67 20
63 25 56
46 34 94
51 18 25
38 3 46
56 14 88
10 55 63
53 25 91
61 25 7
2 49 77
64 1 34
16 34 13
42 4 84
22 14 49
44 9 99
23 2 82
58 26 3
64 55 31
53 13 8
57 29 30
28 13 40
58 44 64
42 68 17
66 59 97
34 60 100
2 68 72
67 69 82
39 58 23
41 64 11
37 23 92
26 23 51
54 67 90
48 15 76
58 32 67
60 39 13
2 53 48
51 7 2
63 8 45
16 5 54
32 34 85
64 53 78
57 60 26
23 32 68
19 42 79
55 44 11
69 47 46
44 52 50
20 9 53
28 24 85
68 26 28
47 60 8
30 35 33
34 49 25
42 6 41
33 38 71
52 39 14
51 68 12
55 39 94
4 70 67
58 5 58
25 45 8
5 37 100
11 6 74
36 12 97
2 14 64
60 3 54
46 11 81
16 23 75
25 5 10
66 7 93
2 59 61
7 18 35
28 70 54
51 21 5
67 13 49
14 47 40
24 23 72
39 63 3
38 26 49
53 62 63
71 53 94
54 20 36
25 10 31
35 4 5
12 43 17
24 17 29
7 28 82
24 14 90
29 38 5
21 62 95
25 69 85
67 33 41
69 71 16
41 68 17
60 6 5
5 11 72
1 2 81
61 37 48
14 41 42
59 44 68
61 63 53
9 20 87
6 70 30
70 27 17
64 57 29
15 2 32
15 54 26
41 11 23
22 4 10
58 18 49
20 8 14
44 4 77
67 23 34
6 48 94
28 36 35
32 42 81
23 44 57
68 14 46
28 29 56
37 53 39
46 49 11
2 62 85
43 60 9
51 36 81
48 69 22
4 36 34
54 42 98
51 42 44
51 30 90
34 7 13
41 3 67
9 63 9
23 44 51
18 25 14
62 68 42
5 69 11
8 42 44
1 2 62
66 14 43
68 2 47
48 29 2
66 1 38
18 56 89
49 6 4
69 3 57
14 34 57
39 32 72
18 64 13
47 69 21
71 69 5
3 10 54
43 37 13
21 25 34
41 68 86
67 42 1
8 63 43
64 56 30
59 6 83
30 14 59
24 35 55
8 42 38
12 47 2
34 45 86
51 4 8
56 65 42
33 54 10
63 70 74
17 27 85
21 43 51
7 58 98
9 36 95
18 16 47
44 33 73
31 68 86
11 38 78
45 53 66
20 50 21
38 34 18
4 62 25
15 52 55
13 37 3
40 38 14
35 27 94
26 1 1
30 28 6
60 43 58
71 66 82
35 14 19
6 54 61
45 53 39
69 16 41
38 59 40
24 36 36
55 12 95
49 10 81
69 59 79
53 3 20
63 46 69
36 17 94
54 11 17
20 3 48
34 51 62
21 31 28
22 65 3
32 35 46
45 66 40
32 10 39
40 22 71
57 16 6
51 57 26
10 34 6
58 47 6
54 60 90
8 33 69
9 19 90
65 33 38
5 26 59
50 36 19
36 19 72
20 41 27
57 64 70
40 50 23
6 4 54
1 45 23
49 19 35
54 3 17
47 50 20
5 17 21
65 29 86
39 15 72
42 66 51
20 22 76
43 13 39
7 6 41
58 34 45
32 48 25
43 71 88
51 42 50
60 5 20
7 15 43
64 59 25
63 19 23
35 68 32
51 42 32
65 44 36
64 42 4
66 65 30
27 43 63
9 45 13
60 56 52
38 20 14
67 63 20
61 17 63
46 26 5
26 46 84
21 41 24
61 4 87
68 59 3
58 22 63
37 30 74
13 16 25
63 57 58
27 8 82
57 48 42
34 27 42
21 40 14
70 1 55
15 61 84
3 32 58
13 64 74
24 52 85
14 5 39
15 14 37
1 62 65
48 57 29
9 23 91
51 64 75
25 57 39
71 11 72
34 11 23
6 10 99
14 24 51
46 22 47
42 9 99
16 62 99
37 41 4
53 55 54
17 23 18
62 30 2
10 52 90
20 40 1
41 16 24
24 21 42
51 10 55
11 1 69
3 53 2
42 16 97
47 62 42
11 45 79
61 30 33
37 56 58
17 66 54
15 25 15
9 26 36
46 11 20
47 7 87
58 54 51
61 7 5
35 36 91
45 51 73
15 71 28
6 3 18
21 41 73
23 69 65
28 23 29
17 29 4
61 68 46
32 5 88
58 49 57
36 38 40
8 32 23
10 1 46
49 22 47
38 20 1
11 19 64
39 46 7
64 27 90
3 28 38
27 66 80
22 63 92
4 13 85
46 39 32
58 57 54
56 35 56
29 52 81
68 62 66
31 44 57
62 35 25
67 21 31
20 24 11
4 31 88
14 9 66
44 27 48
31 47 12
23 50 99
26 38 9
53 1 100
36 68 87
25 31 60
1 25 50
65 49 53
43 18 91
49 25 70
12 34 9
38 9 57
30 57 46
39 8 42
50 44 47
19 60 57
18 71 60
45 55 75
23 33 68
64 53 20
37 41 21
52 49 64
70 20 96
8 46 92
25 65 1
46 26 97
8 47 18
6 32 33
41 54 26
11 22 78
19 71 48
50 2 9
56 23 20
26 33 36
35 41 71
10 11 26
20 47 25
30 51 65
34 66 29
65 40 86
33 69 11
71 30 72
59 15 37
48 30 55
52 34 64
44 36 37
43 35 35
23 31 10
15 35 17
37 33 50
44 39 38
9 12 31
45 53 11
1 2 23
10 36 34
38 36 14
26 71 33
51 42 39
40 37 19
9 21 61
9 66 73
16 22 71
15 46 52
68 4 71
24 46 81
16 71 67
32 17 10
57 25 14
52 54 29
10 55 42
17 30 52
23 54 66
67 34 1
51 34 51
56 1 59
18 24 27
53 71 24
24 21 4
21 71 76
7 55 78
13 6 88
52 60 63
26 6 83
38 63 95
47 4 50
16 17 71
18 30 100
17 31 32
27 9 38
21 30 35
46 54 68
62 33 25
45 18 77
62 30 76
64 65 79
62 14 77
45 64 58
62 11 46
61 18 58
37 13 11
27 5 43
21 7 86
41 18 54
36 45 83
38 14 60
24 53 79
14 5 94
47 28 67
57 11 60
57 55 66
8 23 46
25 8 6
30 48 27
35 15 17
65 56 27
61 43 15
16 19 64
64 63 3
68 17 55
33 21 9
57 31 3
60 17 71
63 45 32
63 8 97
36 50 5
6 35 30
55 26 68
61 38 24
65 59 44
31 4 89
1 64 27
58 53 97
56 46 88
42 40 22
57 61 20
52 60 82
25 65 42
1 38 80
62 28 83
10 24 32
25 30 100
69 19 68
47 40 82
5 68 80
37 18 21
31 7 69
65 24 26
13 67 18
36 28 89
21 36 55
16 70 9
12 52 26
49 36 5
15 11 82
11 45 97
35 33 1
8 9 78
32 51 86
28 16 23
20 53 85
38 6 40
42 18 64
35 61 69
47 67 14
11 54 43
62 14 15
71 12 11
16 17 19
67 38 26
14 38 52
62 12 95
3 31 7
43 65 85
37 69 84
40 47 84
40 3 37
39 48 76
41 56 71
37 24 16
15 68 20
65 25 62
55 35 97
15 69 94
34 62 74
11 56 63
12 6 51
6 60 25
4 69 22
14 43 28
15 47 29
53 37 61
8 5 35
3 66 57
21 31 14
49 30 21
58 10 3
35 39 6
17 27 59
36 53 27
34 67 5
63 8 33
24 26 4
10 9 36
50 62 7
28 11 47
43 65 43
64 51 44
41 12 95
34 69 24
46 39 75
48 14 45
19 60 43
12 32 1
27 59 73
36 68 89
41 17 59
57 29 56
55 40 48
41 36 49
27 17 14
58 43 37
19 3 54
60 63 53
47 38 81
69 44 56
36 58 8
22 9 86
33 21 11
16 71 69
46 39 96
58 34 36
21 61 29
61 17 66
46 43 22
39 30 40
33 10 10
24 32 44
57 27 43
56 41 69
10 29 57
25 28 53
34 3 73
31 10 64
3 41 95
33 44 80
27 52 61
5 31 40
13 5 1
50 21 96
71 27 62
36 53 29
14 47 15
33 42 43
58 70 100
14 68 52
31 1 96
62 21 37
32 39 50
59 28 97
10 66 11
42 46 68
68 55 64
54 52 30
9 18 46
31 39 41
8 64 5
15 57 35
20 61 33
51 27 47
29 13 36
24 3 54
63 67 90
52 5 1
11 22 57
1 61 71
49 11 87
31 59 97
13 21 25
45 64 50
21 24 35
59 9 10
53 19 68
23 49 56
58 5 60
67 22 34
70 12 98
10 63 96
29 11 88
34 17 61
62 44 89
16 64 95
19 35 76
16 27 97
59 25 30
34 2 71
15 62 14
4 30 66
56 31 90
30 56 27
66 54 74
70 3 40
7 17 42
10 27 10
69 39 87
43 10 59
53 16 1
12 50 22
10 41 18
63 14 55
42 28 21
2 25 23
36 60 39
17 18 1
55 37 41
68 36 12
39 18 67
25 38 20
66 53 86
16 15 72
41 20 77
24 3 35
22 4 88
53 56 53
23 67 16
12 70 46
38 67 18
59 16 6
64 56 53
67 24 36
65 61 17
34 26 74
58 13 57
12 35 20
28 55 1
39 37 8
65 8 37
61 42 68
13 5 77
23 10 4
8 14 69
47 20 10
59 1 33
36 48 50
21 62 14
25 8 33
3 59 30
10 41 4
47 21 31
35 42 60
43 11 39
63 31 92
6 66 24
1 11 65
1 61 61
14 8 75
66 47 89
67 1 80
64 37 42
69 40 16
47 63 65
69 53 52
40 47 25
61 19 15
12 8 92
5 19 1
61 62 67
28 36 69
70 69 82
4 24 56
51 34 72
32 9 47
70 12 16
32 3 50
69 56 45
49 39 18
58 4 6
41 67 57
16 4 52
61 14 25
64 69 21
17 48 32
32 71 46
56 17 80
39 66 79
45 36 26
4 53 48
70 51 24
57 27 3
10 35 65
69 30 66
58 59 32
41 43 49
43 53 43
69 64 24
63 3 98
67 27 42
3 30 16
21 38 47
63 16 65
27 21 48
21 65 90
2 71 11
42 66 42
13 62 82
37 49 94
61 62 25
52 26 56
31 11 1
55 3 41
4 60 51
44 10 1
20 39 70
15 52 10
52 62 41
22 27 50
10 49 94
30 39 64
24 66 38
53 11 23
8 39 98
50 67 58
45 4 80
61 41 87
71 53 17
6 28 41
4 23 65
19 54 97
63 21 95
3 56 43
51 28 39
27 19 39
69 67 52
11 69 74
32 7 73
52 67 58
8 60 24
7 36 16
40 24 26
9 16 71
9 65 8
64 53 80
2 16 35
8 32 97
18 16 41
11 41 51
52 37 24
24 66 31
18 47 100
2 6 24
67 59 95
46 39 71
12 54 61
19 38 73
50 24 19
51 50 9
14 16 43
61 41 84
29 7 76
59 35 81
20 46 83
7 20 21
57 35 2
11 54 59
53 62 56
19 56 92
68 24 65
68 29 9
42 70 98
45 27 2
19 28 13
27 58 89
20 64 2
38 34 48
15 51 22
30 10 84
15 65 95
26 32 49
64 56 24
27 60 2
4 2 51
15 7 41
47 24 50
42 55 97
56 41 69
60 46 16
54 25 69
57 32 50
3 51 62
32 56 63
40 11 88
68 51 70
21 47 69
36 42 6
51 40 65
31 27 3
59 29 16
51 42 62
46 15 43
44 56 85
11 69 68
14 39 87
19 9 26
8 52 68
71 54 57
37 55 32
6 66 35
50 21 8
17 26 2
17 22 86
35 55 74
27 19 24
60 4 34
46 32 95
54 55 88
55 1 66
62 17 99
34 2 25
11 8 41
59 9 18
41 59 70
10 14 47
6 29 100
14 70 41
57 8 76
50 13 96
20 61 52
61 4 24
56 36 24
43 56 72
12 32 61
39 46 43
31 5 98
18 69 86
42 11 71
8 1 76
7 23 35
56 70 6
9 40 7
68 39 82
62 11 59
28 63 52
14 20 12
69 54 62
69 37 12
20 23 13
3 17 20
13 8 39
28 44 62
13 59 84
36 11 26
40 56 43
2 24 100
30 8 73
9 20 45
35 62 100
65 70 73
48 20 77
51 22 25
60 6 20
64 69 27
45 26 18
1 32 64
18 10 25
40 14 68
55 56 40
53 50 68
33 36 99
40 15 26
10 71 17
57 15 28
9 38 32
38 6 13
31 3 74
68 10 33
31 44 53
6 14 51
50 28 86
64 56 10
63 66 18
54 22 16
59 15 27
3 7 93
65 10 48
3 56 14
10 4 66
40 47 68
40 60 41
31 3 22
61 71 34
50 63 91
19 71 64
37 69 32
71 28 49
2 36 23
70 19 94
5 60 99
52 25 74
15 63 32
47 14 45
70 61 29
32 63 90
25 8 79
63 3 11
6 56 67
63 53 21
14 8 82
5 16 1
40 6 64
16 12 24
41 54 91
58 30 4
42 7 51
30 60 97
69 23 55
15 63 4
62 53 88
67 3 93
59 24 48
4 60 60
56 16 86
23 50 21
9 29 41
27 70 2
14 33 79
3 42 99
61 52 62
37 65 68
53 24 32
67 58 79
22 32 78
27 40 33
39 62 80
62 29 58
12 28 43
69 39 36
16 52 91
66 42 70
14 33 3
43 35 50
60 39 27
29 7 62
13 58 81
19 25 55
12 20 51
43 59 63
50 54 60
60 33 11
62 23 82
32 66 71
68 54 78
36 71 97
70 15 33
28 9 6
44 9 68
66 13 100
53 4 11
35 53 7
44 35 92
51 12 77
65 57 25
68 9 36
70 44 51
16 37 81
52 66 56
31
42 1229
24 10 88
6 25 71
7 6 15
3 4 52
5 29 6
32 16 32
32 15 92
2 15 36
34 41 13
10 38 5
21 3 56
18 8 16
32 22 19
3 14 33
16 15 92
1 17 20
21 22 1
19 12 36
33 23 55
24 8 79
23 32 96
2 10 96
38 37 23
36 17 89
3 42 77
9 29 64
30 29 44
15 29 31
40 39 31
1 4 75
19 38 4
36 32 67
32 38 51
3 37 93
41 35 51
42 11 97
18 36 14
13 21 82
1 9 17
12 38 95
30 3 89
35 40 51
18 27 44
37 7 58
8 38 44
33 36 92
32 38 65
39 4 7
40 18 73
20 2 78
15 12 21
32 6 97
34 30 30
34 7 82
3 14 69
34 16 57
8 18 88
35 20 10
33 9 15
24 15 42
4 2 72
19 26 22
20 17 18
7 34 13
36 30 75
36 35 67
41 24 58
37 4 84
27 34 57
1 28 31
5 36 6
42 28 18
16 28 25
1 6 92
38 18 93
17 18 35
21 30 30
33 40 76
13 12 80
31 39 34
15 29 52
7 29 6
31 18 95
34 11 37
30 37 49
2 32 93
8 22 27
37 36 39
23 20 81
34 40 37
31 39 78
15 28 50
32 40 34
7 38 95
40 25 63
32 38 52
22 16 62
40 7 49
38 21 83
40 42 86
26 42 11
25 37 98
25 27 7
3 32 84
26 42 57
11 29 1
15 35 12
20 9 32
23 25 100
27 37 68
30 18 35
1 3 9
7 14 41
20 24 63
32 7 73
18 26 10
4 17 54
25 28 82
3 34 74
19 17 24
33 40 52
36 4 92
7 4 100
40 30 77
18 36 52
7 27 45
3 8 87
38 41 70
32 21 80
18 11 3
25 3 31
38 20 69
39 27 95
6 15 39
7 14 86
36 42 46
39 6 84
37 39 88
22 41 8
35 39 91
38 5 60
19 29 69
13 34 23
23 13 85
1 22 82
7 15 19
5 32 35
13 30 52
6 5 63
8 40 3
28 6 43
25 29 68
19 7 29
7 36 20
24 42 20
33 20 21
25 6 58
39 33 13
16 34 33
14 24 9
32 22 84
20 8 45
4 5 70
2 17 93
15 3 47
33 11 26
11 41 14
4 34 82
35 41 31
27 7 54
41 37 34
26 4 75
19 6 41
6 39 39
39 34 39
19 11 57
33 4 70
19 33 56
1 16 45
30 40 79
11 8 78
42 12 68
34 18 35
29 22 66
22 3 32
29 20 33
26 34 51
36 4 66
32 24 31
37 11 63
15 27 39
9 18 77
28 32 81
40 19 37
26 11 77
32 16 34
14 34 15
27 9 19
8 25 3
7 1 97
16 30 60
41 36 45
23 24 38
6 10 5
9 10 5
28 31 47
5 12 12
29 38 70
21 22 48
42 35 81
14 29 96
25 28 5
2 29 68
29 22 37
12 25 17
30 37 44
36 30 65
25 34 64
14 5 98
24 17 71
24 31 68
22 5 98
4 35 73
33 7 60
11 23 54
28 33 81
7 5 18
26 17 61
30 4 64
22 8 35
30 39 61
28 38 42
27 32 15
1 11 3
5 42 36
34 12 71
19 39 62
16 9 31
27 3 29
18 17 3
2 29 29
32 8 85
16 33 5
18 2 73
9 13 80
19 40 22
8 9 81
15 29 4
20 7 74
36 39 46
18 37 1
31 11 43
1 40 12
29 9 17
8 19 35
25 18 66
41 32 79
17 23 44
32 23 70
15 29 75
4 28 57
16 18 53
13 16 76
12 35 21
38 32 4
16 15 91
4 2 31
22 38 76
5 26 88
17 1 9
39 11 91
7 40 97
32 6 35
33 20 72
36 6 88
21 14 44
28 16 1
7 18 95
6 31 50
7 17 16
30 35 99
18 34 53
38 5 91
26 11 49
8 3 46
28 27 35
16 22 21
38 31 27
35 23 1
18 19 38
3 38 68
18 12 77
14 20 31
20 7 62
30 27 28
8 23 8
39 15 13
35 7 4
41 21 100
40 8 7
7 31 75
11 26 32
25 36 63
16 24 79
32 29 28
35 5 54
35 13 34
36 17 55
24 4 16
27 1 26
30 18 98
32 1 19
17 8 48
25 19 61
13 1 26
20 26 30
27 42 68
31 36 46
6 25 96
24 5 36
14 8 17
26 17 78
9 18 20
16 28 75
24 21 92
34 35 92
6 33 45
23 29 9
12 39 32
4 2 65
19 7 36
7 3 95
9 15 98
19 21 70
4 1 58
11 33 44
1 26 13
34 22 30
42 4 82
13 27 36
21 28 17
34 30 94
5 11 98
7 5 23
25 27 7
22 28 18
33 39 65
17 2 46
16 25 56
28 29 26
2 4 5
16 28 68
30 27 65
33 34 73
26 5 98
33 2 88
22 39 97
16 25 100
33 15 19
10 12 54
36 23 49
41 31 83
12 4 63
4 32 29
20 35 1
14 12 74
12 28 66
26 39 52
34 37 38
14 7 36
6 9 69
13 25 19
2 22 53
31 21 44
17 20 23
8 39 67
40 21 21
33 1 12
31 37 26
37 20 17
30 3 10
26 36 58
7 10 60
10 12 78
41 21 81
22 26 61
14 39 43
13 39 60
14 8 97
1 19 5
15 32 4
15 24 92
33 25 64
26 23 90
7 31 40
14 24 93
14 34 77
30 40 68
39 41 63
15 38 36
7 18 13
16 7 90
10 40 11
5 31 17
4 25 66
40 7 48
25 32 9
18 5 83
21 40 76
17 24 65
21 10 21
29 17 5
29 5 42
3 11 3
5 12 24
16 3 17
34 12 76
31 21 49
8 7 47
14 19 54
22 27 43
8 12 60
19 38 46
16 36 97
27 35 91
25 39 73
28 40 83
24 28 71
33 27 37
41 21 34
1 27 53
11 24 97
7 29 68
17 29 66
13 10 54
1 14 28
13 33 30
24 13 10
37 7 3
33 28 72
23 4 1
17 42 6
14 12 41
38 21 99
19 1 23
41 27 44
6 8 48
39 22 22
1 20 69
19 12 51
35 9 85
25 30 43
4 8 91
18 30 71
1 14 34
5 41 4
10 28 9
13 10 19
29 23 13
20 11 39
19 11 29
19 5 99
39 2 2
7 20 98
42 4 81
20 13 36
41 4 94
21 4 50
9 3 51
36 41 81
35 18 18
21 32 75
7 2 90
42 22 43
25 16 52
23 12 91
35 2 59
18 13 91
11 42 27
39 1 22
3 15 52
2 10 39
37 35 21
12 3 16
24 20 8
19 27 91
33 9 11
41 18 65
14 8 40
28 32 81
15 36 51
41 24 8
32 42 64
2 25 71
22 24 33
36 40 20
15 16 33
33 31 11
4 38 84
26 38 31
4 38 25
34 6 96
7 5 30
13 30 19
18 8 71
12 36 87
24 9 73
17 19 41
39 23 24
21 1 31
6 2 78
38 29 97
28 10 10
19 14 23
2 35 74
31 42 76
10 16 12
31 29 10
16 9 96
30 21 6
21 14 91
10 22 99
26 29 25
20 9 100
16 36 82
29 19 69
9 33 96
7 28 41
15 37 1
28 18 14
37 23 17
31 38 82
7 21 3
29 2 14
17 1 58
11 35 54
33 36 47
10 2 86
38 32 49
26 30 71
40 33 25
12 27 100
17 11 47
31 7 22
18 19 62
27 12 18
25 35 84
8 10 23
24 35 47
32 20 93
24 30 30
29 13 45
42 8 44
23 7 22
5 7 1
37 26 10
14 31 96
6 16 19
38 26 12
39 31 46
39 28 66
27 2 52
3 36 78
36 34 24
6 31 9
26 17 99
32 16 58
1 22 9
1 28 5
2 40 79
21 1 76
9 24 37
40 5 60
29 1 11
20 31 52
38 32 70
3 14 43
27 7 20
42 38 20
29 1 64
37 14 42
25 29 57
21 9 74
35 42 46
42 18 17
12 39 70
15 3 34
3 23 45
21 16 15
11 7 21
36 2 90
15 4 15
10 35 84
25 21 80
2 37 79
2 22 78
25 15 55
12 24 89
26 11 13
40 38 3
4 37 90
13 22 87
1 41 82
13 37 76
29 38 85
18 16 68
33 13 91
38 42 59
31 7 96
39 29 28
24 4 9
42 30 33
23 19 16
11 20 62
26 2 30
40 2 2
22 20 40
25 1 86
20 6 66
21 15 97
6 17 55
39 9 51
26 4 18
10 6 51
22 28 13
20 24 57
31 42 45
22 21 1
11 38 62
5 20 97
21 4 70
11 1 51
6 30 91
13 40 68
32 7 90
1 26 55
8 3 84
21 18 66
28 17 71
39 38 26
4 13 32
19 29 68
21 41 45
19 28 4
20 4 22
29 21 90
4 42 7
14 18 68
10 9 89
33 10 48
11 6 52
17 1 49
26 40 93
22 36 71
26 30 80
20 24 70
28 6 46
8 18 34
13 33 88
22 29 41
17 9 64
3 17 42
25 12 1
19 16 48
32 25 88
34 33 21
21 13 39
4 27 85
4 25 71
6 5 6
34 27 34
29 19 70
10 15 31
13 38 46
24 2 81
31 10 61
18 22 38
27 28 7
36 27 31
30 35 19
9 42 17
36 8 20
36 35 67
12 8 31
1 13 24
26 6 90
4 10 23
36 4 77
33 26 9
37 20 85
14 34 24
6 42 66
10 21 90
4 3 43
25 23 6
18 35 78
37 6 62
8 18 44
42 31 22
25 34 79
35 6 2
23 12 15
1 12 57
20 32 4
36 11 80
42 3 16
32 5 23
12 34 97
31 28 48
21 38 75
28 21 60
32 4 1
3 42 70
31 11 48
21 19 98
9 35 96
16 34 60
28 20 60
42 22 75
32 31 63
33 16 40
41 9 43
29 42 20
40 39 93
30 19 52
23 42 62
7 40 67
17 23 67
40 19 4
26 27 92
38 21 13
4 27 39
5 20 36
20 24 64
22 5 95
10 31 24
19 25 43
8 11 61
17 24 34
1 34 1
11 6 51
23 14 89
7 27 61
6 41 32
23 37 38
21 32 53
26 13 43
10 5 88
19 37 37
4 36 58
12 14 1
5 37 51
3 21 84
21 6 84
38 39 34
2 14 29
36 20 50
12 20 96
15 31 59
6 5 24
15 9 91
23 4 65
30 15 23
9 31 19
31 22 47
14 27 15
8 17 50
12 30 17
20 11 75
29 19 7
30 25 1
8 30 48
15 7 26
40 12 33
15 18 73
41 25 67
7 17 98
10 24 83
38 23 6
27 32 56
4 41 53
38 25 93
29 39 79
17 18 7
22 26 92
3 22 63
34 8 4
21 28 98
37 4 99
10 20 58
16 13 70
1 40 62
33 4 95
28 4 48
7 8 3
40 4 15
29 33 33
38 31 85
6 28 76
39 21 44
27 42 77
24 31 18
15 16 11
27 9 4
13 3 56
30 21 27
7 21 82
9 27 7
19 34 39
17 34 64
34 16 49
10 15 18
10 32 98
1 5 52
25 5 100
40 7 46
18 4 97
21 39 39
39 9 45
23 1 71
8 2 86
1 25 57
36 33 1
5 14 82
3 39 61
39 9 59
1 6 68
37 25 31
3 37 75
30 9 67
33 6 36
15 37 8
19 34 31
22 41 16
4 37 13
9 23 79
39 20 67
8 33 55
11 42 45
38 31 54
16 40 71
22 39 29
24 18 84
7 4 1
23 28 46
3 37 33
5 16 14
34 36 25
39 25 93
10 18 25
19 23 33
41 34 99
38 6 38
9 32 26
15 29 33
40 41 60
31 10 72
1 39 32
27 14 89
13 32 14
36 24 95
35 38 51
21 33 20
7 39 100
22 5 71
17 11 55
7 20 25
17 39 70
12 2 33
15 13 5
20 2 19
38 15 52
5 17 10
31 28 7
19 41 48
30 29 83
24 8 63
40 31 12
18 22 67
11 4 76
35 24 52
37 29 100
3 14 99
4 23 35
7 2 59
42 38 63
13 2 22
35 8 7
18 29 28
30 17 4
24 12 95
8 7 45
13 19 19
3 4 48
21 22 64
18 25 53
19 2 93
25 41 14
29 13 26
4 36 96
28 23 12
12 7 84
18 2 51
28 40 88
9 5 24
28 3 68
35 13 97
15 31 12
14 7 38
41 26 14
15 40 77
7 29 5
15 33 34
4 14 27
38 11 42
8 37 16
37 23 62
41 2 55
19 36 66
37 19 81
1 15 4
19 22 28
11 25 11
2 3 14
3 12 95
26 18 26
39 21 20
16 7 38
24 27 15
2 3 55
16 3 90
39 9 26
6 33 11
2 40 16
37 16 31
21 1 88
32 1 50
29 32 51
33 14 72
14 27 39
34 29 30
38 31 83
3 42 65
8 4 77
19 33 7
27 42 6
6 22 45
14 21 50
12 33 24
17 40 86
23 35 83
3 24 32
22 11 26
30 13 86
15 20 65
14 10 84
21 20 53
25 13 25
11 35 12
28 6 64
11 31 10
39 6 18
32 9 62
3 13 43
26 24 55
39 26 30
12 13 77
11 16 2
11 19 29
17 28 41
7 42 37
23 25 32
37 12 90
4 3 26
24 17 88
18 38 13
20 13 17
29 25 53
9 22 94
37 23 83
39 10 52
1 34 47
9 40 4
3 19 23
20 14 70
17 20 1
41 14 41
36 18 69
28 30 11
30 36 82
21 14 4
28 9 38
13 42 84
20 14 29
3 12 30
6 29 68
25 22 40
8 3 28
22 7 20
9 4 40
34 20 32
17 2 99
36 33 73
30 27 37
19 3 100
36 1 47
34 26 82
20 3 91
22 15 91
38 10 14
17 18 72
18 26 28
28 7 54
15 25 80
40 14 12
39 18 73
23 17 76
8 39 81
15 23 9
29 19 55
27 22 92
33 3 12
13 6 10
37 18 90
1 35 47
38 28 44
12 15 41
9 33 85
20 12 94
30 4 47
5 35 51
6 12 13
35 38 67
33 36 26
15 42 32
6 26 13
1 31 93
23 14 19
19 13 62
38 1 50
26 5 7
25 10 92
31 21 5
21 6 82
30 4 67
28 15 12
32 38 91
37 28 74
8 15 33
29 8 88
24 32 6
33 18 92
26 38 87
13 10 62
25 37 65
9 35 87
9 4 81
29 14 35
41 24 39
15 9 86
26 33 31
5 7 1
25 18 80
14 18 87
14 33 99
21 23 37
10 38 1
11 20 68
40 8 72
42 6 75
10 28 88
14 16 39
20 11 58
11 13 11
35 27 84
20 21 19
19 31 43
28 29 36
19 29 31
33 22 6
4 30 53
3 24 50
1 19 80
19 21 55
33 2 77
23 32 95
41 29 93
3 1 21
1 23 79
2 13 72
29 26 9
27 38 13
9 2 63
22 35 19
38 2 33
16 15 90
29 14 10
23 33 20
36 23 10
23 1 6
15 26 41
2 34 89
1 2 87
37 15 90
21 35 37
16 27 49
26 18 44
17 5 14
4 23 11
42 26 19
15 1 100
32 23 29
7 37 29
21 10 97
41 37 57
13 16 30
34 32 46
18 28 12
16 1 74
28 29 71
4 20 77
21 16 11
33 31 29
19 9 71
2 5 55
23 26 16
33 27 74
38 9 86
3 4 5
32 30 30
39 2 70
8 20 84
24 42 58
10 16 35
2 10 13
41 25 81
33 42 5
1 22 9
4 15 57
11 32 34
42 5 49
4 28 83
37 8 36
38 33 3
11 3 26
41 39 33
9 36 16
22 28 53
24 19 21
3 25 57
20 27 10
26 8 42
41 25 6
24 8 23
7 4 30
31 2 11
20 34 36
30 16 52
33 30 88
18 1 94
12 41 85
1 35 67
23 24 41
35 28 5
35 37 2
39 31 98
21 10 46
38 32 45
14 2 91
15 25 93
16 9 23
5 21 19
1 37 1
24 12 86
2 22 25
12 19 8
5 35 85
28 41 69
2 20 54
37 34 71
25 2 8
38 12 18
5 26 51
3 13 82
1 17 62
31 42 97
4 40 22
40 37 99
40 42 57
29 28 13
32 30 56
26 15 76
36 33 38
14 23 97
42 36 59
37 20 42
40 9 56
25 12 69
1 15 31
32 28 61
13 35 3
13 24 48
13 8 26
33 28 59
23 5 21
3 17 38
38 2 38
20 11 74
19 3 95
10 22 84
13 34 78
38 24 20
12 7 75
28 25 26
10 41 29
40 34 42
4 31 7
41 32 9
2 7 82
23 15 67
32 9 8
28 37 65
24 23 19
30 41 82
25 18 49
35 20 69
32 29 40
10 30 72
11 5 46
9
19 348
2 14 39
1 7 83
17 9 89
12 18 2
2 5 90
18 3 100
13 15 54
14 15 8
6 8 83
1 6 97
18 19 73
1 14 77
14 13 99
2 9 39
16 13 69
6 16 98
5 16 64
2 19 12
1 10 19
10 17 20
1 19 84
4 3 63
7 16 97
17 18 15
14 15 91
1 6 2
2 5 8
5 3 33
3 7 1
10 5 15
19 8 76
15 18 81
7 8 43
2 7 49
13 17 51
15 4 91
15 11 68
9 1 58
3 4 94
9 12 35
16 14 37
7 18 68
14 16 13
12 11 41
17 12 3
5 4 15
15 14 25
3 5 9
3 19 66
2 18 60
16 15 50
1 3 68
19 1 86
16 19 91
10 7 74
2 8 56
3 15 75
3 9 66
8 14 46
9 14 61
7 9 39
10 4 91
3 7 60
7 19 98
12 14 32
12 6 18
12 16 5
12 14 46
14 16 46
11 6 75
16 8 40
8 15 48
4 8 26
1 10 16
5 12 26
17 19 84
5 9 64
3 6 94
5 18 36
10 1 95
18 3 71
12 6 65
12 9 74
5 1 46
2 8 99
9 12 24
11 13 12
17 6 6
17 10 36
13 4 3
3 15 34
7 6 89
3 15 45
15 16 25
8 15 77
1 4 49
1 15 11
13 3 88
15 16 16
6 11 53
7 6 82
16 1 66
10 18 44
2 18 83
6 13 22
5 12 41
10 5 15
12 18 16
3 14 3
14 8 83
8 13 63
15 1 53
6 3 66
6 17 40
2 5 14
6 3 25
2 8 32
14 4 51
9 3 41
15 8 81
1 19 82
5 8 90
1 11 84
10 5 91
11 2 5
9 3 3
7 5 89
15 14 66
11 6 64
3 9 44
1 7 16
7 17 49
14 2 75
12 17 88
4 13 52
4 3 45
1 13 19
19 8 100
11 8 7
12 15 85
10 7 97
8 10 94
5 4 33
18 13 84
10 17 51
2 4 64
13 10 33
1 17 65
5 19 52
12 17 21
10 6 54
19 11 45
1 11 34
8 10 25
15 6 18
15 8 17
1 14 55
7 10 70
2 16 6
17 5 75
9 10 83
17 10 35
4 6 31
9 8 63
3 9 50
11 4 94
2 15 84
9 7 56
5 15 42
14 2 58
6 8 21
6 18 74
6 15 10
12 3 41
14 2 27
6 19 59
7 13 34
13 8 17
8 11 61
12 10 13
2 18 10
8 13 28
10 13 58
1 19 65
14 8 79
8 13 18
5 7 99
16 3 13
11 2 63
10 4 69
19 3 74
8 1 56
1 19 68
15 8 73
14 17 23
2 3 13
9 2 27
9 5 30
12 18 64
8 16 16
19 10 31
4 1 4
2 3 50
16 13 51
11 4 89
17 6 7
19 3 3
8 17 70
13 3 56
6 1 10
4 17 53
12 16 15
5 6 16
6 9 84
17 16 45
11 6 81
3 2 95
19 3 73
17 6 44
16 12 38
1 18 31
18 11 82
8 3 40
9 18 97
19 2 73
4 1 19
2 3 81
3 16 44
15 8 17
6 7 26
17 16 71
8 2 89
8 2 3
6 3 50
15 12 7
8 14 47
11 13 32
13 18 66
16 13 59
11 10 10
3 2 24
13 1 23
10 15 96
10 8 82
3 7 2
18 5 19
14 17 55
7 5 6
3 14 24
6 18 70
6 15 42
10 12 75
5 7 75
7 3 40
8 14 41
4 19 79
11 4 8
15 18 51
7 1 18
16 12 63
5 9 5
8 7 87
16 14 56
7 8 31
4 8 61
6 12 71
6 2 60
4 8 34
13 11 33
7 11 73
3 11 55
12 9 73
16 9 95
10 7 7
8 1 49
14 7 5
3 7 6
18 9 10
2 15 62
2 4 81
13 5 78
19 7 52
16 2 58
2 19 80
5 18 98
12 8 71
16 15 12
3 7 88
7 17 69
16 17 27
7 6 63
3 6 23
7 13 60
13 4 24
1 2 15
19 9 100
2 14 84
6 4 33
10 3 38
1 14 73
19 3 10
16 12 96
18 13 98
2 10 6
15 8 44
9 13 93
1 17 34
1 9 41
13 10 11
7 5 43
8 9 55
5 9 52
16 5 36
4 14 52
13 5 100
9 5 73
11 17 33
14 17 48
14 5 36
15 3 62
14 12 42
3 11 17
19 2 21
10 7 20
7 5 22
18 8 81
7 8 86
3 12 66
17 1 59
9 10 67
13 9 24
1 6 20
17 16 76
12 15 68
14 4 50
17 9 82
14 5 33
4 10 40
3 5 32
18 11 7
4 16 4
12 4 57
2 11 46
14 9 55
16 5 84
6 13 31
13 19 22
8 1 16
13
12 21
9 4 20
8 11 80
8 9 61
2 9 86
1 6 46
12 4 89
10 2 83
6 12 16
3 6 59
12 3 70
10 11 57
5 1 48
5 11 29
8 9 97
1 9 14
6 1 93
11 6 75
5 8 1
4 11 96
5 12 19
11 8 89
9
98 1699
29 11 87
16 74 12
25 64 57
2 50 55
4 54 21
4 97 35
4 38 51
1 49 89
90 2 49
38 36 21
69 79 55
81 82 24
18 58 81
24 4 21
19 1 25
23 18 77
56 19 92
27 91 20
80 94 20
57 27 18
30 17 14
3 88 87
78 31 74
41 15 20
42 3 6
92 35 34
81 14 35
24 72 34
93 56 99
14 57 61
60 80 48
30 34 31
5 70 55
65 49 81
14 31 46
7 77 96
94 98 81
72 34 10
33 6 11
8 87 83
73 23 11
39 1 70
89 46 21
73 28 41
74 58 4
27 49 85
18 56 61
38 8 17
82 98 9
35 31 62
21 91 99
50 89 100
2 57 98
72 92 86
96 5 29
34 58 56
91 47 37
94 87 66
16 91 6
82 69 31
19 77 48
21 22 19
31 33 65
68 62 53
57 92 67
89 43 18
98 56 88
91 25 25
90 25 76
79 12 18
17 76 57
18 8 72
1 25 83
91 29 44
9 18 89
81 42 67
40 59 17
43 53 50
36 58 31
9 29 67
35 6 9
6 42 54
31 50 60
55 87 62
1 39 69
44 65 100
11 70 41
59 24 22
75 18 30
14 34 81
53 87 97
25 31 36
40 29 63
73 62 33
30 60 40
41 56 65
73 43 98
41 25 88
85 89 50
3 61 17
55 6 64
36 80 41
42 18 68
63 93 35
27 28 82
34 10 99
13 38 48
51 83 93
70 88 44
90 34 92
92 93 84
2 41 51
56 2 33
11 29 59
48 17 2
30 27 95
27 13 100
12 7 73
51 69 5
21 43 8
5 43 58
57 44 94
33 56 22
88 36 2
11 70 52
65 54 93
80 27 32
75 97 33
86 45 42
73 61 98
25 32 49
90 23 15
24 52 88
86 75 19
73 90 51
94 37 39
27 81 49
78 84 9
55 10 22
91 18 36
56 82 57
79 54 75
49 56 11
76 43 51
64 81 100
58 28 96
68 65 8
18 64 13
70 43 67
35 20 65
27 35 21
5 13 72
96 98 33
61 37 62
97 93 59
6 35 91
56 80 71
40 68 98
4 34 91
29 40 63
92 53 12
95 89 80
53 15 97
40 63 75
12 56 93
62 60 68
58 92 42
7 96 88
13 11 71
40 29 61
6 32 3
18 4 47
8 61 97
76 79 73
89 91 79
43 5 71
42 47 79
11 12 81
64 53 55
6 48 45
74 57 51
47 22 54
91 76 64
74 28 60
73 12 20
21 1 37
4 82 10
10 11 77
25 83 49
13 28 1
13 83 39
70 77 93
89 14 7
69 92 3
7 19 34
37 96 94
83 69 58
96 92 57
13 73 92
16 39 43
2 34 24
57 21 44
34 1 7
46 64 85
7 30 43
44 41 79
88 48 73
30 47 5
65 4 32
64 75 64
89 11 47
19 60 24
58 59 67
52 46 29
42 81 92
27 25 14
22 64 2
21 45 6
14 82 76
65 60 75
55 68 13
76 33 34
49 32 49
91 76 9
77 19 44
39 63 100
32 19 70
26 88 21
91 27 34
95 86 63
43 78 4
70 50 16
71 20 53
63 80 55
69 53 49
47 12 53
44 53 99
59 53 95
98 51 73
54 38 11
81 20 83
23 45 24
56 2 66
95 84 16
44 18 36
6 19 69
63 69 53
11 45 25
82 63 91
91 98 90
27 79 48
8 48 5
31 29 91
39 86 42
33 47 81
46 61 63
2 43 49
91 55 3
32 13 20
3 48 92
37 4 59
70 26 29
92 42 38
92 1 30
72 71 89
54 31 93
92 26 93
23 98 8
29 55 52
69 73 57
1 32 61
36 25 22
92 15 10
39 72 26
82 13 15
4 86 9
95 98 84
48 58 6
70 43 53
85 5 88
12 19 96
57 29 88
65 10 26
79 65 100
36 75 99
35 42 59
35 73 56
20 78 85
47 38 20
35 10 9
13 73 58
50 17 79
72 4 98
20 44 22
21 42 19
7 79 68
55 70 56
48 35 34
96 25 46
14 87 30
25 54 25
91 90 55
74 92 5
7 10 6
95 23 34
27 69 97
60 19 96
20 57 82
15 7 58
2 34 61
71 15 69
64 51 91
54 12 85
84 12 7
95 1 76
53 15 31
73 5 76
15 32 22
6 41 18
2 38 89
19 68 41
88 11 73
79 19 72
88 22 29
9 51 93
52 79 28
46 29 2
79 16 46
45 48 37
84 49 13
39 62 41
95 67 1
69 13 90
79 86 56
33 4 96
35 82 28
95 65 7
68 19 80
18 56 58
97 73 15
23 59 8
19 79 99
49 86 43
72 61 59
40 80 68
31 52 84
18 14 30
28 34 64
27 73 3
46 45 43
54 86 3
43 45 75
14 29 15
68 92 49
74 13 97
35 66 28
70 23 64
14 3 10
35 45 81
64 95 88
51 63 33
81 1 31
17 18 72
48 63 46
78 3 56
9 91 27
97 6 1
61 60 80
84 80 72
15 20 52
53 20 71
40 74 41
57 91 70
41 89 70
53 1 34
23 13 73
71 69 94
62 27 28
54 68 4
80 11 44
42 48 59
21 80 51
64 43 87
70 36 90
96 3 5
90 71 51
11 77 72
80 78 38
5 66 70
23 68 87
80 94 26
42 31 21
57 28 23
57 43 39
63 23 11
80 69 62
32 9 40
25 14 84
87 58 62
61 34 68
31 55 5
51 34 89
82 90 10
29 53 95
30 43 63
35 19 60
32 74 22
18 38 3
65 54 75
54 29 71
92 11 90
69 9 17
11 46 37
87 2 47
53 59 70
77 12 74
29 13 100
19 75 13
29 30 45
39 83 34
23 8 88
54 95 56
12 34 99
85 28 25
28 35 88
4 48 23
27 36 34
2 56 48
80 21 46
9 68 91
44 29 5
41 87 58
29 94 84
14 15 59
40 48 59
58 56 81
69 13 88
89 37 6
79 27 83
12 25 4
77 83 90
12 34 45
21 9 52
2 85 6
80 25 81
50 66 86
12 16 12
46 16 48
1 39 60
18 69 36
41 39 100
94 80 85
94 51 46
75 92 89
91 21 86
9 65 33
34 26 72
87 22 57
10 2 25
52 98 41
82 89 21
57 26 52
20 24 88
73 86 34
24 43 79
75 50 89
48 25 42
17 46 40
12 94 60
9 27 88
7 17 77
75 77 20
89 27 84
93 53 5
33 93 95
3 16 92
96 68 46
9 89 63
28 13 61
72 58 91
24 35 40
97 39 12
61 68 33
90 66 69
62 88 47
13 31 74
20 51 93
85 97 96
66 60 18
15 51 46
56 62 44
96 38 11
80 10 34
3 17 18
88 83 86
93 86 98
38 72 98
46 81 73
85 10 23
27 42 83
65 96 12
67 85 98
87 55 29
47 55 80
74 64 32
91 50 5
58 12 97
36 90 5
95 30 72
49 87 49
64 77 21
71 89 31
80 47 96
77 74 97
44 4 12
44 48 97
11 68 51
7 68 74
36 82 66
38 59 37
49 22 73
68 45 57
12 64 89
83 46 8
87 44 21
3 27 95
5 83 53
24 74 82
92 32 10
52 33 70
83 70 87
15 24 30
43 86 12
75 67 42
77 59 4
9 29 96
94 93 22
63 5 55
65 94 34
2 14 86
92 48 97
87 19 26
13 94 45
69 11 10
56 77 42
51 13 46
63 29 69
56 69 62
24 32 77
23 70 50
92 63 48
82 71 95
7 95 49
46 1 52
39 59 27
48 86 40
89 41 97
52 11 54
13 35 72
67 37 26
70 29 70
74 87 11
79 90 46
67 32 63
89 57 56
80 72 2
25 90 77
7 66 32
48 72 72
60 38 66
48 91 82
37 10 86
43 31 39
24 29 59
63 52 88
12 11 91
1 73 57
55 80 52
63 83 86
52 57 3
52 84 99
45 51 27
7 78 73
40 15 23
33 73 85
98 50 30
8 71 1
61 81 77
70 45 1
62 35 1
45 90 84
21 53 43
18 44 8
6 15 82
63 14 70
5 56 37
78 19 13
90 95 53
6 36 71
13 72 96
29 79 52
14 69 60
46 34 77
29 90 65
57 72 47
48 78 68
94 93 96
83 28 34
43 45 48
31 18 53
42 91 87
79 60 75
81 25 43
94 34 23
95 35 46
62 16 7
12 77 10
27 48 26
49 51 9
44 89 36
21 63 30
36 53 11
41 65 30
29 67 65
35 81 42
36 51 52
9 80 18
27 48 43
88 73 78
93 13 48
85 9 56
10 63 47
75 18 62
98 42 71
24 64 91
68 94 22
40 94 41
71 76 53
66 15 85
43 9 33
22 36 16
10 74 80
28 44 81
16 20 66
70 18 39
48 36 76
98 9 65
73 56 90
11 23 69
31 92 85
72 52 71
37 92 29
81 97 94
15 84 16
97 9 77
9 61 59
34 38 42
29 41 19
92 7 87
43 64 25
6 63 99
22 62 29
67 98 60
10 29 88
48 77 28
3 93 45
62 6 32
45 24 44
2 44 52
32 92 72
3 36 84
54 8 4
91 1 93
57 23 38
43 13 95
70 8 8
18 67 74
79 95 74
83 68 4
6 15 11
79 92 70
71 2 13
32 40 48
39 38 79
22 87 11
96 89 36
11 90 14
13 88 26
69 50 98
88 85 60
72 97 36
66 30 6
42 91 72
92 60 94
51 82 96
91 12 56
82 83 72
30 20 8
27 75 6
16 31 32
4 44 21
32 71 86
96 65 89
27 34 69
24 41 26
93 5 45
31 13 20
63 26 58
79 56 24
2 15 99
53 8 30
29 31 7
28 23 77
74 69 27
38 71 26
1 79 10
25 60 24
27 35 79
12 32 21
64 39 21
38 87 68
11 74 43
13 93 76
72 59 27
90 20 100
25 43 49
69 89 22
41 54 3
16 35 72
70 61 99
68 37 25
61 1 65
83 77 96
15 51 5
32 50 54
77 95 82
86 5 44
72 65 4
79 93 54
3 66 44
82 21 68
74 57 74
4 40 39
80 92 15
74 14 32
44 89 31
57 92 20
92 94 2
73 41 91
67 72 8
46 45 13
9 81 72
94 47 16
93 1 18
91 4 89
46 43 73
26 16 37
51 39 61
29 51 97
56 97 36
23 67 80
26 85 62
75 81 12
88 93 68
57 33 99
66 29 90
14 5 4
31 58 34
6 23 99
5 34 40
2 38 60
56 11 4
98 46 92
77 44 82
98 97 98
2 67 31
86 41 79
35 88 95
56 15 47
97 61 13
43 14 72
29 31 7
55 93 61
64 34 91
93 18 97
49 91 15
31 90 97
71 23 33
45 42 59
10 57 19
9 90 78
79 76 86
66 47 68
13 16 45
33 78 25
88 9 37
87 64 85
21 13 50
19 71 53
3 86 29
72 11 8
57 44 27
48 87 88
34 48 22
83 85 73
84 63 50
18 39 31
7 52 32
40 8 65
88 4 31
90 33 3
48 93 20
88 73 12
95 93 2
71 73 73
85 39 27
89 47 100
63 36 93
14 80 80
71 81 50
67 26 57
35 47 45
59 35 93
79 14 96
60 21 43
21 83 32
30 96 2
74 89 94
39 33 97
52 26 57
55 94 62
81 94 37
68 60 39
88 64 48
58 22 52
70 10 100
49 40 82
77 56 72
11 28 70
29 33 93
14 10 91
8 40 66
55 23 77
27 5 17
18 1 54
26 19 11
86 64 94
45 18 6
10 26 1
63 12 62
79 5 47
70 60 20
42 40 52
19 62 63
98 5 46
84 88 42
89 7 29
39 26 22
14 73 13
18 61 43
2 45 43
8 64 79
12 69 95
88 21 68
4 56 3
18 53 66
4 59 51
69 92 64
4 18 60
71 39 98
98 45 87
42 13 94
62 80 5
53 24 70
74 56 11
2 52 54
64 67 7
87 49 16
35 72 42
64 86 23
60 5 19
60 58 72
14 7 92
48 77 60
5 41 67
81 14 91
14 73 77
30 61 76
86 18 32
93 65 57
52 23 13
60 74 42
88 57 68
36 43 8
2 13 97
82 58 34
82 10 1
14 35 22
94 3 45
35 63 53
84 87 75
33 68 77
71 57 26
10 85 88
92 14 34
5 16 21
87 46 10
48 93 67
91 49 78
60 95 22
52 4 46
10 49 7
34 29 62
55 18 52
23 32 36
58 55 4
53 34 55
53 45 71
67 76 70
98 57 83
25 32 73
26 64 55
91 32 82
5 87 5
47 71 12
7 83 99
81 40 10
75 80 17
9 8 9
57 90 69
9 90 98
2 14 54
63 94 41
51 45 5
31 91 54
29 71 84
8 74 11
4 38 77
61 11 38
88 4 85
75 84 14
93 50 42
73 19 20
54 36 32
55 36 53
82 20 63
40 24 65
83 87 6
69 45 85
21 69 8
72 47 94
77 92 7
29 31 13
1 5 11
29 72 84
35 72 81
47 88 68
54 15 26
47 84 64
55 27 56
70 38 66
69 52 88
64 72 50
43 10 40
7 11 62
34 37 68
18 87 75
5 74 55
21 96 86
3 37 54
91 62 81
98 71 78
61 73 84
79 85 86
63 27 22
14 60 13
25 82 28
48 51 58
57 64 14
56 84 65
92 84 70
12 71 12
9 61 1
12 61 34
78 86 30
25 89 31
49 55 75
45 29 34
78 67 29
30 42 80
61 23 30
60 25 57
3 10 50
73 27 45
77 45 32
3 53 18
61 36 81
13 81 90
94 14 31
62 18 69
49 72 55
51 74 35
78 85 89
30 91 97
30 96 26
5 66 45
77 2 36
48 91 32
23 29 59
96 79 79
57 10 88
71 77 28
49 1 5
97 35 81
56 72 99
67 69 69
67 4 64
40 48 43
6 81 10
51 22 49
94 66 6
41 58 94
62 39 89
35 6 71
24 34 25
9 61 56
46 13 89
25 42 96
82 96 38
97 29 96
91 41 68
73 3 10
80 31 48
55 43 13
36 82 78
77 3 73
28 71 1
31 50 64
44 33 33
41 97 71
93 73 48
50 30 7
80 2 86
57 47 91
75 89 19
14 55 51
12 45 22
79 69 26
32 94 71
15 82 24
11 52 2
88 45 62
57 64 28
54 97 40
29 15 20
67 9 58
13 16 76
65 72 2
27 24 30
32 93 94
22 74 46
1 42 1
10 79 15
96 60 22
41 44 19
82 27 16
19 5 55
20 88 48
45 64 44
2 49 70
78 75 67
59 20 32
19 24 57
18 49 57
46 94 91
83 17 26
86 84 6
90 54 43
31 85 91
65 47 43
14 18 28
79 77 18
25 28 23
73 16 48
14 87 98
77 34 33
51 4 46
68 18 98
44 61 37
37 27 31
31 36 84
41 56 32
97 3 19
49 4 94
86 16 76
10 42 41
24 76 36
88 49 67
85 7 62
97 2 65
58 24 91
4 51 8
60 40 100
81 12 77
69 89 34
98 94 74
81 87 86
61 52 41
50 63 100
56 81 57
86 72 66
92 42 82
81 91 66
90 4 32
10 61 77
13 77 25
67 74 88
41 94 10
56 88 36
34 85 99
1 84 66
77 45 54
37 25 86
45 97 78
82 42 76
90 69 22
37 12 39
5 2 23
47 46 21
68 53 26
8 89 93
23 14 80
88 95 14
36 18 95
43 37 12
59 14 59
24 86 44
45 29 96
59 58 34
98 38 80
19 47 24
65 24 18
76 43 28
25 79 66
46 65 76
39 95 11
42 82 19
97 46 61
95 25 1
49 52 37
42 62 100
11 93 24
65 35 30
62 52 22
38 53 41
13 64 71
89 52 16
62 41 50
18 62 59
88 50 43
88 22 55
29 96 53
5 11 90
49 53 37
54 50 77
57 59 67
82 40 15
7 5 12
32 97 29
23 59 74
59 91 89
27 82 1
1 47 26
86 61 59
4 67 94
72 53 57
72 6 71
58 53 80
37 51 42
33 65 86
37 12 78
65 34 8
60 19 44
91 93 54
22 58 20
92 94 88
3 94 28
18 28 43
50 83 99
35 43 81
47 86 2
82 60 26
91 21 100
23 41 75
14 25 45
93 88 27
28 58 34
64 44 36
31 98 14
16 6 37
38 71 47
1 74 32
59 11 83
66 89 95
20 96 36
4 97 56
37 57 74
8 41 86
8 86 43
70 62 64
35 57 31
95 98 36
66 57 61
68 8 6
16 67 93
40 65 24
8 38 73
65 29 63
55 62 83
20 1 4
31 20 87
2 37 37
7 10 31
83 27 7
2 40 68
18 16 7
80 75 26
58 71 95
77 93 30
31 2 63
12 37 27
38 18 75
31 43 31
7 75 86
36 83 41
36 10 84
25 34 28
88 91 24
3 23 53
90 95 86
51 9 7
9 13 22
95 64 53
94 39 52
13 91 8
57 23 80
94 12 79
40 70 68
49 98 23
35 88 99
17 51 86
86 29 12
31 32 97
80 45 75
35 22 30
8 6 100
38 3 29
91 14 97
61 31 40
77 74 69
83 73 53
71 4 59
49 65 32
61 15 22
6 80 22
7 61 20
12 25 38
51 54 2
35 70 97
66 71 39
21 77 58
60 15 76
66 29 39
36 40 90
64 35 21
41 86 41
95 22 90
71 12 62
65 7 21
60 34 33
90 23 96
74 48 77
40 37 66
86 77 47
63 21 50
17 27 12
98 75 31
5 30 73
82 60 80
85 45 77
78 73 46
43 21 81
68 29 55
89 58 39
39 50 97
37 84 50
39 23 65
31 53 49
37 8 73
35 8 57
72 88 31
27 67 65
60 89 16
90 61 6
82 95 6
95 55 25
65 32 82
32 6 73
82 39 97
7 32 32
57 37 80
59 96 18
74 42 46
50 21 11
58 85 44
92 6 53
88 68 35
22 75 42
95 91 24
25 95 47
21 31 3
40 25 53
30 7 55
13 58 37
23 82 36
53 59 75
66 12 54
36 98 17
61 48 62
74 50 51
32 97 43
93 37 33
63 52 95
81 87 6
25 71 35
15 75 14
52 82 22
34 46 10
2 27 63
37 76 54
83 41 11
81 17 51
2 5 19
70 83 31
92 46 47
52 23 87
3 73 100
75 88 87
77 11 63
39 25 72
17 53 98
10 22 4
22 17 37
63 62 96
19 24 78
35 14 57
51 14 4
75 86 70
23 92 79
64 31 38
38 37 22
67 10 28
5 55 92
97 2 81
5 94 20
3 52 28
96 19 78
17 93 50
46 77 37
96 12 3
65 29 71
46 73 37
22 54 39
3 85 11
94 20 42
25 80 46
45 65 23
76 37 92
50 51 67
32 2 100
52 17 39
27 22 62
1 28 98
60 54 13
60 33 65
74 45 65
35 42 91
81 6 85
28 42 85
54 60 73
42 59 25
69 31 97
89 13 6
61 18 59
4 60 48
7 47 94
59 22 69
83 67 64
2 28 12
52 57 54
87 52 23
54 37 93
78 60 100
54 80 59
77 89 32
61 86 15
73 91 5
98 75 14
28 9 28
26 12 28
46 76 59
77 69 82
12 73 66
85 43 70
90 40 96
92 58 58
9 37 66
80 82 39
98 3 78
9 92 59
92 50 56
57 27 24
38 45 36
91 80 70
28 1 14
41 40 66
56 96 5
66 84 24
71 39 9
91 36 63
10 92 69
75 10 82
3 8 90
10 77 41
28 22 23
41 11 24
45 50 95
54 76 24
23 5 78
98 79 17
79 26 29
62 24 4
32 57 70
93 49 58
29 54 56
53 56 9
15 24 10
8 16 83
23 36 78
96 35 86
21 85 99
82 79 9
53 95 80
7 56 37
81 66 44
15 25 72
55 15 50
33 76 81
79 10 29
1 41 7
81 60 32
10 79 68
64 54 81
79 83 99
30 2 61
97 18 22
15 61 91
96 45 88
9 14 82
98 48 62
93 79 6
5 92 2
53 47 21
27 74 84
74 83 12
62 87 22
10 26 80
29 6 30
24 62 1
46 82 77
58 25 28
19 20 59
60 34 93
98 29 57
8 87 100
3 41 8
13 83 99
29 97 42
14 85 94
95 23 21
6 63 71
75 85 34
2 32 8
31 21 74
92 51 47
10 91 35
43 89 27
16 93 70
69 86 28
45 13 45
53 79 27
80 14 81
47 61 78
36 95 56
87 75 9
2 31 63
1 27 77
42 98 41
84 5 2
57 30 5
89 87 38
20 83 4
28 41 4
88 56 6
96 42 97
3 65 93
76 68 38
90 17 99
24 64 13
85 16 36
56 36 69
31 59 99
20 27 41
43 80 12
36 82 16
14 13 63
73 8 8
45 23 57
60 94 2
40 18 53
48 20 20
26 71 24
52 11 41
6 47 38
96 83 14
38 67 80
63 4 32
78 44 76
60 73 57
35 82 32
73 74 44
27 85 85
50 58 31
29 76 75
66 14 96
21 39 98
27 54 44
98 78 6
70 42 56
47 15 90
14 85 24
5 88 31
9 15 96
19 4 68
92 58 44
67 44 68
77 57 56
38 94 38
91 41 100
82 21 5
74 17 24
33 8 13
9 18 55
51 27 33
96 61 77
23 16 75
26 35 57
57 33 13
59 93 80
57 71 32
35 85 100
53 17 37
20 34 10
8 23 98
39 38 47
33 64 38
26 67 59
79 59 41
12 28 38
97 55 1
60 81 41
74 57 72
62 57 51
98 7 71
91 24 51
22 39 92
18 84 28
19 59 51
22 60 45
71 40 42
52 30 2
38 9 58
91 52 14
46 95 61
17 83 96
1 38 47
22 53 63
85 28 86
12 26 47
26 10 64
39 58 13
74 45 40
50 10 13
56 28 53
46 49 6
94 50 53
82 88 50
35 85 97
30 22 84
35 15 17
47 79 24
55 63 25
20 37 14
61 46 39
2 30 8
36 95 45
30 65 4
82 40 71
29 6 3
9 58 94
2 91 20
32 24 93
48 74 21
44 62 64
41 29 84
94 19 25
69 49 91
70 94 3
16 51 49
7 30 46
46 29 33
83 46 100
37 53 25
61 29 77
86 83 93
28 18 38
48 43 57
36 74 99
81 83 55
45 18 46
49 71 7
56 33 77
9 77 75
81 53 95
54 60 86
46 56 72
45 36 69
51 8 36
96 82 92
23 57 29
48 79 67
48 34 28
94 79 76
56 20 73
1 92 69
32 11 43
46 57 4
94 50 68
67 37 84
2 95 10
61 18 84
17 57 4
25 64 7
86 27 98
64 61 72
60 55 77
55 19 79
36 10 39
61 26 91
83 3 75
21 36 32
69 19 47
45 14 9
50 58 6
34 51 37
79 81 20
54 51 35
7 89 20
70 58 80
69 22 38
88 90 4
30 40 52
93 91 13
44 41 67
73 37 82
8 53 63
49 8 41
71 27 24
2 33 30
73 81 80
79 84 13
85 23 41
76 79 25
86 34 20
88 26 85
30 92 46
24 93 67
36 20 14
33 28 98
47
23 447
17 9 64
8 19 28
23 8 78
12 6 65
2 23 89
16 6 91
22 8 83
9 20 15
6 15 71
1 23 38
4 14 76
5 12 15
14 4 70
16 1 42
11 3 50
6 16 82
5 21 8
6 17 49
19 23 65
3 17 37
15 16 28
5 22 21
3 12 18
7 15 39
15 13 66
12 14 53
3 20 9
7 5 79
9 10 71
11 14 87
22 5 20
15 5 25
23 12 90
10 20 64
1 19 31
3 18 7
15 12 28
14 10 68
19 8 43
7 19 55
5 15 66
8 9 25
2 7 27
22 14 1
15 6 15
4 14 21
23 1 37
21 15 77
9 3 67
7 9 24
21 23 29
4 2 60
14 22 22
11 15 50
16 6 98
4 7 98
3 10 98
16 19 36
21 11 82
3 21 89
16 3 2
8 23 47
14 9 40
3 13 82
20 7 27
20 15 11
13 23 71
7 17 81
1 16 20
5 10 42
5 10 98
16 2 87
15 19 99
2 16 49
14 11 43
23 17 49
11 7 49
6 16 56
22 11 65
22 9 84
23 3 91
1 18 2
4 12 40
10 18 29
8 15 25
20 10 68
18 19 20
22 6 9
8 2 39
1 4 10
21 23 37
19 4 51
18 3 8
5 12 51
17 15 60
21 2 42
1 13 71
3 18 73
1 16 81
8 10 91
6 22 27
7 20 56
2 19 25
6 10 77
6 7 46
4 12 46
14 6 98
6 22 96
13 20 51
16 1 96
12 7 74
8 18 60
15 5 73
19 6 87
9 3 51
4 2 92
17 13 42
15 21 72
16 3 28
22 5 75
4 1 47
15 17 49
16 5 21
9 14 40
5 18 87
10 2 97
16 1 29
12 17 83
16 11 60
21 23 31
8 21 40
2 23 65
10 15 44
20 21 6
22 13 17
14 12 66
19 11 58
15 12 13
21 12 93
21 6 45
8 18 41
8 3 37
11 19 37
10 4 97
15 23 5
1 19 96
12 1 27
5 10 87
19 22 84
10 17 56
1 8 36
16 5 77
23 2 55
13 23 1
10 14 36
14 3 89
6 23 36
15 16 53
21 12 49
18 9 97
12 10 79
2 14 27
5 20 24
4 12 9
17 23 2
2 5 7
5 2 99
15 23 82
16 6 94
3 22 50
22 14 32
11 17 71
8 20 96
18 8 70
10 21 10
3 4 36
21 8 22
23 21 28
11 13 10
16 4 52
10 9 6
22 20 8
9 17 15
12 14 96
23 1 82
21 16 96
13 21 54
4 19 75
18 1 33
14 21 49
6 18 8
23 12 34
1 7 33
20 23 90
21 13 100
11 21 26
8 20 15
23 12 18
1 7 64
3 19 7
7 12 43
9 15 6
6 13 92
11 8 56
23 2 18
3 6 72
7 4 85
8 10 5
9 2 43
2 10 38
9 23 44
14 23 46
20 16 69
13 10 47
3 17 44
19 2 68
13 4 75
20 11 21
13 3 51
14 2 51
11 20 44
19 9 60
11 5 38
4 11 44
11 5 25
3 9 64
23 1 38
8 5 11
11 4 85
6 11 66
14 21 55
7 21 73
1 7 47
18 3 84
11 23 16
21 20 27
5 3 3
22 12 90
13 21 30
1 12 28
13 12 77
18 7 85
14 12 84
14 5 38
16 3 95
12 16 35
19 17 57
10 11 64
13 5 35
1 7 84
23 8 49
2 9 17
3 5 21
12 2 40
18 22 60
5 11 98
2 7 27
14 5 49
14 4 71
7 16 61
7 11 90
22 10 65
13 5 97
8 6 75
6 21 28
4 7 68
16 11 100
12 22 78
3 23 48
15 19 41
21 13 38
16 12 93
16 5 12
3 11 46
15 14 72
13 9 91
15 13 16
5 20 28
19 15 7
11 3 76
14 23 27
16 23 26
21 19 56
21 5 5
22 8 67
10 6 11
15 5 100
14 9 1
11 14 83
4 18 68
13 20 45
3 15 60
23 8 25
4 9 49
15 5 98
5 4 71
21 5 63
8 10 30
1 17 19
13 3 56
18 11 61
23 11 18
10 21 67
23 13 29
13 21 50
6 15 83
18 17 53
7 3 88
15 5 17
22 13 46
22 9 32
6 13 42
8 19 66
17 12 90
21 22 54
20 22 9
4 14 49
4 5 3
12 4 74
22 10 80
11 18 8
20 11 94
16 17 34
13 15 61
9 13 87
10 6 97
6 2 31
14 9 89
14 17 66
18 19 59
18 16 74
20 10 58
6 9 36
16 22 65
7 2 70
17 14 46
16 7 57
2 3 71
9 16 96
12 5 95
17 4 4
15 6 27
8 5 32
20 4 87
14 10 4
17 4 93
10 18 33
16 4 10
4 22 40
13 3 25
11 17 57
12 19 78
15 4 75
18 19 7
22 23 89
4 2 44
19 12 9
2 11 56
8 9 38
12 11 94
4 7 81
22 16 9
15 5 8
22 10 79
13 21 61
18 8 1
23 16 46
15 14 50
18 12 39
17 3 36
7 18 41
19 21 48
6 23 57
8 3 86
14 16 40
9 6 38
20 9 58
11 22 2
19 21 34
21 8 39
22 2 93
20 21 60
11 12 10
7 5 76
3 16 94
15 18 92
18 16 68
2 22 1
10 3 66
19 16 54
16 13 85
8 4 8
23 16 3
3 18 5
3 7 87
4 6 16
3 12 69
9 12 93
15 1 54
6 2 80
19 4 95
8 11 98
12 14 94
15 17 12
17 21 41
9 7 34
23 5 11
22 23 91
21 22 41
22 5 65
13 14 90
3 1 46
15 1 35
8 7 16
20 6 35
8 3 73
11 19 66
2 18 9
14 19 2
6 11 70
15 22 26
15 3 58
2 3 38
15 18 91
22 11 69
2 14 62
20 10 31
8 18 25
4 14 11
20 10 56
23 14 7
2 19 62
13 16 15
23 9 37
21 14 99
17 1 97
23 15 16
6 17 76
22 9 2
11 6 92
2 7 76
6 18 73
20 11 61
8 9 64
8 18 59
20 1 88
3 19 31
7
98 117
64 61 83
31 59 48
16 96 21
49 78 53
19 30 5
77 79 83
4 86 14
69 56 55
50 18 33
19 4 54
40 57 86
56 37 32
84 17 47
24 78 17
49 26 21
89 36 88
27 13 57
89 45 44
4 30 12
41 39 16
70 38 67
77 66 32
12 10 83
75 66 68
96 55 55
75 33 8
44 67 23
64 70 99
19 72 82
15 80 52
92 17 70
50 16 50
36 27 90
62 12 29
17 8 11
57 38 90
78 67 68
75 81 26
88 8 98
27 17 73
94 45 40
20 98 1
75 27 56
29 90 12
17 27 51
14 60 17
6 62 27
74 17 11
13 56 16
30 90 23
68 67 65
48 32 28
87 66 47
97 80 43
51 17 82
89 51 55
11 73 78
22 46 16
57 60 87
9 10 18
86 53 10
93 3 5
32 5 20
61 39 10
40 30 62
86 52 58
14 56 32
6 54 91
12 69 72
79 81 70
86 55 65
44 87 75
8 77 41
62 34 65
59 86 61
9 43 80
47 84 31
12 59 51
69 3 43
97 44 77
55 10 6
77 11 7
16 19 32
13 93 38
69 55 81
41 56 4
57 83 11
67 68 91
50 75 57
12 8 38
7 28 59
95 26 27
2 78 42
1 19 58
55 88 67
71 69 33
81 38 88
20 42 89
49 36 14
45 30 53
20 34 5
15 69 48
96 26 3
64 80 3
68 28 93
98 43 27
34 76 78
86 78 67
5 67 64
60 64 80
12 26 9
83 98 96
61 82 25
39 36 10
87 17 59
13 76 81
51 69 76
56
23 71
14 8 74
10 2 15
13 12 59
16 20 60
5 4 51
9 18 55
18 22 18
15 1 41
7 18 27
16 6 69
17 1 89
4 9 93
8 15 62
23 19 4
18 22 26
1 13 29
23 2 88
12 8 48
2 12 12
3 20 94
10 2 73
14 18 59
5 1 75
1 20 46
23 3 35
17 23 79
22 11 98
12 4 96
6 7 58
12 14 75
1 12 78
7 1 6
10 20 53
2 18 35
17 11 51
2 19 89
2 20 4
1 15 12
12 5 97
22 12 30
5 11 90
1 8 90
3 10 39
20 14 92
8 1 91
2 19 31
13 18 96
23 9 74
20 6 50
2 11 79
18 20 97
21 4 9
9 12 81
4 20 75
2 15 6
12 6 87
13 15 82
15 22 26
3 20 34
9 17 77
13 15 1
5 4 37
8 4 44
4 8 28
7 16 94
20 15 42
21 14 67
9 16 19
12 6 14
6 2 43
6 21 60
9
27 246
7 1 90
21 20 64
16 9 11
21 8 55
2 1 98
21 24 39
10 5 49
23 3 20
5 16 29
17 1 73
13 4 33
6 7 22
5 17 56
3 23 68
2 4 28
6 17 62
7 10 39
10 6 6
7 16 90
6 23 98
14 15 24
19 8 79
25 1 59
21 9 62
12 7 92
10 13 19
1 24 88
21 13 19
9 3 45
13 11 49
24 18 23
11 16 35
27 19 7
19 14 77
2 9 1
3 13 5
12 10 58
14 2 28
2 27 59
10 14 30
25 11 2
24 26 72
27 13 79
27 16 66
25 19 84
22 23 66
20 26 92
17 12 55
19 1 85
15 16 53
4 11 99
5 22 91
24 5 9
12 17 16
5 24 23
20 7 97
11 8 30
17 18 99
17 22 4
23 18 18
15 11 24
4 7 9
10 14 60
2 15 32
3 10 16
7 10 80
9 13 7
3 16 72
4 14 4
4 13 57
16 18 60
5 11 43
25 22 97
15 13 79
27 1 87
26 1 30
27 25 4
8 3 91
11 27 80
4 19 82
16 26 14
8 25 21
12 24 52
26 5 53
23 5 31
20 21 4
22 14 19
2 11 47
20 25 40
15 7 86
8 20 66
10 4 72
22 23 60
15 6 3
11 27 91
7 5 39
6 24 19
26 4 56
25 20 34
16 25 83
21 6 68
9 20 63
23 13 57
23 5 64
20 12 13
20 11 53
5 7 82
24 11 52
5 24 17
1 6 5
21 20 59
23 15 47
12 2 90
25 5 73
2 24 72
8 6 27
17 10 83
6 19 9
25 15 73
3 4 42
10 18 83
26 23 73
16 2 56
3 1 35
5 27 68
12 24 89
3 7 98
19 1 75
27 18 17
26 5 3
2 8 95
2 25 91
27 17 73
24 8 93
17 22 69
4 13 80
13 20 76
10 17 61
7 15 97
14 1 61
22 1 12
21 19 21
13 24 77
21 9 92
16 3 10
27 17 84
15 16 76
25 26 7
19 13 41
26 4 3
15 17 47
13 17 81
11 4 74
24 27 24
26 24 27
17 3 44
24 16 32
9 24 96
25 15 17
24 3 69
13 4 87
17 2 25
11 19 13
13 7 76
24 7 35
17 8 85
14 23 87
3 27 18
27 25 65
19 7 45
25 9 50
7 24 8
4 17 20
9 20 57
15 26 66
19 5 52
15 25 43
5 25 9
1 22 99
23 8 90
25 2 71
12 27 24
14 20 31
1 7 99
20 7 87
3 12 43
25 5 12
3 21 89
17 6 52
18 16 64
26 14 66
7 1 44
26 21 7
17 21 79
20 21 88
5 9 56
2 4 99
25 7 33
20 16 75
10 22 83
17 13 39
7 16 77
25 23 52
2 26 42
25 16 71
4 12 28
2 4 89
10 14 28
26 17 11
21 23 12
20 16 45
19 13 16
18 27 22
1 9 15
27 24 35
14 9 20
10 17 25
10 1 26
15 1 40
3 6 74
19 27 100
5 8 61
17 25 22
23 19 43
13 15 49
5 10 46
17 5 45
13 8 93
4 19 1
16 13 36
22 23 55
14 15 99
17 9 2
22 4 6
10 8 98
26 20 35
9 8 3
13 8 4
16 15 85
23 13 36
20 22 85
13 2 4
8 13 19
2 16 13
11 3 14
6 13 61
1
68 744
40 12 21
13 29 4
29 25 82
53 32 8
10 62 6
36 46 81
29 16 23
10 50 81
3 62 6
5 27 43
26 20 56
50 40 95
1 68 12
47 41 45
24 62 1
58 64 45
8 44 12
37 60 62
46 49 100
16 58 88
12 64 37
15 33 5
26 10 74
45 15 60
10 55 11
16 6 82
2 9 9
29 6 88
27 51 29
32 59 48
23 6 20
57 21 27
53 56 58
19 4 48
9 19 96
48 3 17
15 61 2
25 14 57
39 44 34
1 68 13
43 31 12
44 27 41
7 46 29
68 5 92
15 64 26
11 52 71
31 12 30
16 20 46
23 39 73
48 38 66
18 35 89
41 2 72
29 45 42
46 25 53
57 18 74
58 15 70
47 65 36
27 4 87
14 62 96
49 66 26
51 4 51
41 25 67
15 37 92
10 5 33
2 56 10
34 42 67
35 3 62
21 13 1
29 42 55
53 67 21
45 37 59
3 7 51
68 49 54
68 11 68
1 29 72
34 14 8
51 38 38
52 17 2
30 60 63
12 68 37
30 27 65
35 28 95
40 67 54
64 3 94
30 59 65
24 30 37
28 37 26
20 39 96
3 52 38
23 68 94
44 50 30
7 42 11
14 66 23
44 33 34
44 15 44
59 40 99
65 47 26
52 26 50
42 37 7
61 49 8
37 30 33
10 18 97
52 47 6
13 8 56
12 13 75
51 33 16
32 62 12
68 6 28
8 11 91
33 62 91
7 40 2
3 14 94
14 29 40
32 56 87
3 5 81
33 58 13
27 39 76
65 28 30
3 12 59
44 34 18
3 58 41
67 42 10
55 30 80
16 48 18
55 20 72
48 1 92
48 6 55
44 48 88
13 67 72
61 4 59
3 53 51
21 57 40
29 34 12
57 37 61
5 24 35
16 32 69
31 52 85
30 12 73
48 38 38
26 39 67
58 43 87
1 61 40
48 5 52
11 21 96
60 52 83
64 22 12
17 63 44
48 53 93
36 40 4
21 40 52
3 54 78
21 64 20
2 11 67
16 59 89
22 20 51
42 27 20
34 23 44
12 47 9
28 39 67
52 28 63
18 28 24
18 52 27
35 60 74
63 4 74
9 61 59
59 26 2
7 17 63
17 66 58
17 10 26
59 42 9
64 5 37
38 62 26
55 60 57
34 48 31
49 35 79
42 48 57
50 28 13
15 34 55
33 46 49
19 55 35
5 64 1
18 52 22
41 40 68
68 4 2
1 43 84
59 68 9
42 24 11
21 32 29
14 40 39
40 27 48
49 23 80
13 56 92
49 65 58
66 52 98
4 48 16
47 37 97
36 3 55
8 28 95
25 24 52
18 15 46
58 14 30
24 42 49
41 8 26
50 56 26
35 13 71
50 65 17
35 38 61
29 33 94
29 16 17
24 44 4
53 22 88
12 45 98
32 10 10
5 2 17
32 3 53
51 45 79
26 57 7
58 24 58
55 12 69
46 38 37
59 60 24
41 51 1
44 31 24
30 43 23
19 40 1
54 30 51
56 34 83
21 22 81
11 48 97
19 15 45
68 26 65
45 26 45
34 5 7
34 31 84
17 19 60
22 47 87
9 57 39
17 68 80
53 52 57
2 14 95
9 3 64
14 25 20
66 40 69
61 31 16
23 1 32
38 26 4
13 15 17
16 63 11
58 28 99
58 3 24
58 61 82
15 50 19
67 37 72
52 60 12
2 40 68
5 35 38
52 11 65
27 55 56
58 62 83
56 14 54
1 29 31
26 48 3
22 12 71
39 13 19
5 14 50
5 1 33
39 25 20
47 42 6
31 55 15
53 47 38
35 6 82
24 17 47
12 59 15
5 60 53
51 2 15
52 20 22
45 3 95
5 55 69
32 17 83
27 48 2
15 1 53
56 15 22
11 45 66
6 30 22
31 47 26
10 2 28
39 49 32
62 38 61
13 57 17
61 65 35
9 63 26
29 26 92
28 42 68
17 57 100
12 58 67
48 32 5
56 57 32
9 58 24
13 3 27
14 31 57
14 63 10
33 54 26
4 49 23
4 46 100
31 9 48
15 23 57
10 18 2
19 13 72
8 36 9
18 66 18
43 38 18
27 26 91
43 40 46
13 6 21
34 65 82
10 42 67
40 54 11
45 50 47
42 36 75
11 2 54
48 46 14
62 48 19
34 11 18
35 48 65
50 8 70
2 39 14
55 56 1
24 35 4
31 60 51
27 30 24
36 54 82
64 2 39
32 4 4
14 49 64
58 41 55
41 8 8
50 41 65
44 64 65
54 66 67
59 56 58
54 39 67
8 10 90
21 54 83
25 62 16
60 2 5
37 48 64
50 51 25
32 54 65
45 28 100
58 14 7
33 36 82
28 35 42
56 52 77
47 17 54
22 1 59
45 47 17
21 14 2
31 27 6
16 67 85
30 53 45
6 8 7
47 67 44
40 45 7
20 36 22
18 24 90
56 37 90
65 20 92
1 15 63
10 19 49
60 68 85
41 47 4
62 32 5
32 30 6
53 20 60
56 39 44
58 45 35
26 68 68
67 38 100
12 24 55
40 35 3
57 28 41
36 35 98
5 27 78
35 62 14
19 36 79
45 50 12
6 48 47
48 18 46
58 48 47
34 29 16
20 63 96
39 35 15
32 19 83
57 13 21
54 51 95
2 60 93
38 47 71
48 32 36
21 15 1
51 9 13
47 27 21
23 59 80
14 62 25
32 63 24
42 43 70
20 56 15
51 40 82
47 34 96
30 43 8
46 44 88
33 38 34
8 45 96
63 29 75
11 25 94
61 48 58
42 37 75
33 36 75
29 61 10
28 52 77
6 34 15
36 42 46
37 48 15
10 55 63
8 39 71
2 24 78
56 31 17
33 44 50
59 56 61
52 8 52
59 58 57
53 36 70
17 3 81
9 12 82
41 52 7
22 63 28
54 35 45
19 38 25
10 66 76
56 23 88
33 28 90
40 51 23
39 34 9
9 15 29
31 3 93
9 5 35
31 59 55
68 6 34
3 35 38
49 39 89
40 4 93
42 56 47
34 9 13
16 26 64
67 61 88
58 28 62
9 44 38
52 1 41
48 54 98
37 59 31
24 60 31
17 41 86
66 36 89
63 13 97
20 32 20
36 43 19
42 68 81
19 41 46
3 42 47
29 6 25
14 33 71
17 61 85
63 46 76
54 48 88
32 56 88
41 67 46
60 10 70
2 68 89
47 62 9
22 38 54
39 13 3
18 12 64
34 6 92
21 29 25
7 41 65
17 68 30
51 4 48
55 53 32
2 62 97
47 15 59
42 10 85
49 53 14
4 48 73
24 61 30
26 45 86
15 14 45
33 52 33
5 33 97
18 38 75
50 51 61
9 35 54
68 12 19
40 14 13
67 7 45
36 10 74
19 54 48
55 63 68
39 32 14
25 29 2
21 27 56
36 28 84
39 3 64
36 42 5
65 37 35
51 23 67
61 30 62
29 40 5
47 20 35
21 9 74
15 13 56
26 49 20
49 22 62
40 14 97
37 60 15
18 21 93
34 16 27
29 26 92
57 28 22
48 24 28
16 62 83
34 64 72
33 12 59
44 66 50
27 28 77
57 38 44
31 56 61
55 4 52
51 66 35
3 6 33
24 63 67
57 53 20
13 16 100
22 43 49
68 14 46
54 6 50
11 14 91
51 61 62
42 67 43
42 55 26
49 48 33
40 3 4
68 64 69
58 27 87
25 60 87
44 2 27
66 14 15
37 9 26
3 45 68
23 46 38
47 36 60
11 28 25
61 62 48
44 53 35
50 21 72
59 11 3
68 54 51
66 49 30
10 50 93
22 54 65
58 22 24
60 29 27
9 33 8
53 15 69
27 2 77
32 10 14
51 58 2
25 21 73
21 1 94
30 26 5
67 36 61
1 41 2
3 7 88
61 14 66
41 42 20
24 27 57
61 49 28
38 9 85
37 23 63
10 44 98
26 44 40
20 25 69
51 10 90
21 55 96
2 40 18
3 53 5
32 11 95
23 33 97
42 48 51
50 13 4
14 25 9
60 10 93
68 18 45
18 51 65
58 16 29
49 9 52
29 25 30
18 1 79
30 12 64
14 21 85
25 64 39
67 54 88
29 5 55
9 66 31
38 16 91
68 35 62
15 39 16
30 35 97
55 53 21
2 11 23
1 61 51
25 8 5
53 20 69
9 2 69
46 25 62
36 48 98
11 26 85
65 41 2
65 24 25
44 2 30
58 9 45
55 43 66
58 5 22
35 51 72
29 33 88
49 27 7
60 47 85
25 32 49
41 66 80
23 47 80
10 11 50
49 4 91
1 41 32
68 51 37
57 40 28
46 20 77
29 2 48
57 37 74
55 17 48
53 56 82
32 28 29
25 39 55
10 45 89
46 66 54
50 51 18
56 38 91
38 14 83
52 22 29
23 58 42
20 62 16
54 37 94
17 65 23
37 22 59
30 54 10
4 16 81
21 27 5
68 5 67
65 42 74
48 32 38
52 13 10
3 35 77
28 51 50
44 63 4
10 8 20
42 33 43
44 26 70
58 61 86
32 22 24
38 51 42
40 7 61
17 31 70
1 42 15
48 40 17
28 51 20
48 44 51
66 50 100
54 27 54
57 32 75
7 33 91
53 34 10
10 32 17
7 45 42
55 26 16
13 22 11
20 63 19
34 62 49
2 24 83
63 53 6
62 51 38
53 68 22
55 19 79
14 34 30
43 59 14
53 57 42
10 37 1
26 44 7
36 13 36
42 3 58
46 47 95
33 45 51
57 34 62
14 35 22
65 6 56
59 33 97
48 34 30
66 28 12
14 45 5
44 13 30
3 2 94
32 35 73
41 55 20
52 6 26
54 40 34
45 56 57
9 21 36
35 37 57
9 27 53
40 41 25
37 22 99
26 5 49
7 46 83
68 6 61
28 16 73
34 66 12
48 60 45
33 58 89
1 55 53
30 28 54
1 39 67
40 18 15
46 30 92
44 12 38
48 54 32
64 47 5
46 16 16
32 57 10
57
