9
28 3
88 55
96 46
32 17
89 95
44 13
76 51
8 70
42 100
96 2
34 88
92 26
99 8
66 71
49 26
63 3
47 85
86 96
11 80
2 4
34 24
86 86
38 22
34 64
25 52
79 18
72 34
31 6
68 49
4 554
87 47
11 44
47 14
99 77
13 178
99 100
33 71
93 21
59 51
54 34
8 3
5 18
43 65
45 11
23 75
14 31
65 10
49 71
25 827
43 41
23 43
13 72
47 86
33 98
59 34
39 57
72 65
25 9
20 16
51 97
97 54
4 43
34 51
57 33
60 68
6 58
1 81
46 61
43 55
14 52
87 83
47 91
12 86
28 52
19 138
45 87
29 18
82 89
75 58
2 58
25 22
8 85
61 67
91 83
69 93
48 12
86 58
20 32
96 43
70 2
61 37
47 53
8 67
9 77
31 395
69 9
18 94
40 72
14 60
28 56
18 47
46 61
29 3
19 16
8 46
11 4
45 96
29 37
97 66
85 34
62 22
66 62
75 98
100 59
64 2
88 47
25 99
25 40
47 42
96 86
77 4
15 94
79 47
83 88
4 77
9 81
24 8
17 30
49 41
18 42
12 52
57 58
74 28
41 17
4 83
18 26
74 61
81 95
10 74
20 97
85 61
23 61
58 39
69 1
100 99
26 43
52 82
5 98
90 46
14 47
88 51
21 411
15 90
46 60
79 74
37 26
73 83
65 79
99 76
88 3
66 44
34 41
10 49
25 54
79 29
72 10
84 48
45 91
29 29
83 60
89 93
22 15
11 33
10 380
47 24
24 6
33 16
45 38
2 23
93 83
56 89
74 44
71 64
53 55
