2
29 82
20 38
6 97
1 98
25 54
17 52
28 106
11 30
23 51
4 35
8 83
23 90
16 102
4 41
7 80
13 77
6 81
2 104
5 52
3 108
4 60
3 37
28 105
29 87
22 55
15 64
27 80
20 78
5 30
13 89
20 39
17 103
17 39
26 77
9 106
9 90
6 58
10 44
5 40
18 98
13 42
5 58
1 33
8 75
3 92
4 58
23 51
16 83
28 57
11 78
1 79
18 73
1 102
20 49
24 77
7 73
27 111
19 52
12 102
8 100
3 48
19 36
13 110
7 30
17 38
15 58
13 71
14 45
13 100
25 53
7 35
19 79
18 66
7 57
26 64
27 78
10 51
5 67
11 109
3 99
20 34
23 86
29 81
4 35
19 56
7 80
22 77
5 93
20 39
18 57
10 41
10 90
24 55
9 104
15 54
6 106
21 76
8 111
3 57
5 93
17 57
22 77
26 71
12 98
17 94
6 109
18 70
23 60
20 95
8 107
22 98
5 102
26 64
17 36
5 62
26 98
16 87
1 35
28 80
28 69
18 49
24 31
22 111
10 33
5 59
25 93
6 68
2 66
24 94
24 54
24 79
4 67
21 33
26 63
20 66
17 69
14 82
28 77
25 83
19 45
16 64
12 88
28 46
21 97
1 49
23 67
17 100
5 88
13 110
5 50
17 57
29 103
15 89
20 60
2 72
25 109
1 74
25 105
3 88
13 90
1 37
20 50
3 55
1 78
28 52
29 71
11 97
1 69
15 34
14 69
16 30
16 45
2 75
17 101
24 94
29 60
16 87
14 35
7 68
2 91
23 107
2 63
22 64
16 100
2 42
14 48
15 108
3 58
6 77
21 105
12 34
22 96
6 109
16 111
16 51
13 90
10 106
22 100
14 98
16 93
27 39
14 31
11 106
9 67
23 48
23 72
7 55
25 80
26 32
26 30
2 43
21 63
8 44
26 47
17 42
26 47
28 83
18 77
11 107
17 62
14 31
1 111
18 56
20 33
11 74
29 41
18 50
4 69
1 51
28 77
22 66
27 53
28 50
24 104
1 91
28 90
26 70
1 43
2 69
13 49
14 97
29 91
6 111
12 109
11 36
27 71
7 109
12 94
26 62
13 85
26 41
23 39
21 108
3 90
4 57
22 81
9 106
17 68
24 84
23 76
29 109
8 50
26 80
26 77
22 73
12 101
13 31
9 38
22 59
6 87
9 32
23 57
26 70
1 61
15 86
6 69
22 48
7 57
25 61
10 48
18 41
10 91
9 109
3 73
21 76
18 90
7 104
12 109
6 79
1 56
19 55
2 43
11 41
15 79
10 72
10 110
17 81
6 34
8 53
10 55
19 85
12 49
21 53
27 111
14 84
29 60
7 73
9 63
27 94
8 76
17 81
1 44
23 99
19 63
29 71
27 83
13 108
29 97
13 35
8 32
25 55
25 71
19 61
16 51
10 99
10 63
26 90
3 97
17 61
27 59
10 38
1 34
2 86
15 101
8 109
27 104
20 39
3 78
7 81
28 82
17 108
4 48
19 96
22 34
6 50
22 104
4 109
20 87
18 53
20 111
2 33
27 63
9 72
22 78
12 68
2 45
24 109
16 79
6 49
24 100
28 66
15 107
10 94
8 100
5 46
19 71
25 44
25 92
1 69
11 41
16 101
8 31
6 72
3 45
1 61
22 40
12 75
29 66
29 48
24 102
29 83
4 32
19 49
26 71
11 111
8 91
9 44
7 73
27 64
26 107
23 78
15 97
28 55
21 55
4 39
28 81
12 51
18 100
12 50
22 83
28 44
29 35
7 40
11 96
11 67
13 71
29 30
12 96
9 69
21 35
27 55
23 80
17 80
29 108
10 69
21 71
6 45
29 109
1 70
19 49
24 99
2 61
12 59
22 51
24 79
17 111
13 64
29 85
29 104
19 47
22 104
19 85
27 76
4 84
9 75
15 70
22 42
12 80
20 59
1 93
13 111
10 79
3 68
29 39
5 71
19 76
23 45
28 95
21 82
19 31
29 30
3 54
16 92
24 86
21 72
14 71
22 78
26 39
3 68
11 73
12 93
16 84
22 69
20 70
11 87
22 47
22 61
27 55
24 96
3 78
6 56
25 82
16 68
8 34
23 60
23 47
14 83
15 50
5 77
5 110
22 51
24 69
20 107
6 51
4 97
25 95
8 99
15 37
24 41
13 48
23 59
2 88
26 36
10 57
13 35
21 48
21 44
29 60
18 42
20 91
6 109
27 84
21 92
7 49
13 67
22 102
12 31
20 86
12 110
8 65
3 54
26 65
10 90
1 105
20 52
21 70
23 107
28 50
21 71
15 109
12 38
4 97
7 37
25 54
24 36
3 89
17 30
29 74
16 45
2 65
27 107
29 67
16 99
1 70
11 42
13 65
23 39
5 70
2 37
4 94
23 66
7 38
22 107
21 58
14 111
1 106
16 111
-1 -1
55 42
44 93
43 68
43 86
16 65
8 88
31 93
18 80
39 68
8 58
39 63
26 88
26 72
12 67
48 61
2 87
18 69
36 69
14 62
42 77
5 97
2 62
9 60
55 76
40 86
26 70
-1 -1
