9
3 67
1 10
2 45
1 36
3 46
1 4
2 46
1 16
2 14
3 55
1 55
1 54
2 27
1 55
2 40
2 6
3 10
1 31
3 70
3 28
1 44
1 21
1 9
1 28
1 34
1 67
3 43
3 69
2 55
1 23
3 25
2 36
1 32
3 57
1 48
2 15
1 28
2 58
1 16
1 7
1 17
2 11
1 62
2 67
2 60
3 60
2 39
1 64
1 14
3 59
2 24
2 15
2 68
3 68
2 20
1 28
3 9
3 50
1 47
2 50
3 69
1 65
2 33
1 65
1 6
1 38
3 24
2 29
1 40
3 26
2 21
1 12
2 57
2 23
2 47
2 21
2 6
2 30
3 44
2 62
1 54
2 20
3 55
3 58
2 32
2 14
2 58
2 15
3 25
2 6
3 21
1 50
2 56
2 48
1 47
3 68
1 39
1 55
2 30
1 21
3 9
1 65
1 6
3 23
3 56
-1 -1
23 13
20 34
14 30
2 24
6 34
2 34
7 26
18 25
14 27
22 34
18 32
3 30
16 27
8 36
1 33
16 26
12 34
10 31
19 30
22 30
18 34
3 36
18 36
13 25
11 24
20 33
21 27
13 34
11 29
20 34
15 26
5 27
6 27
16 26
10 34
9 32
4 26
20 24
19 28
12 36
1 24
3 32
17 25
18 26
10 30
1 35
1 24
20 31
11 36
3 27
18 36
23 27
17 28
14 31
7 33
21 28
21 32
7 36
1 24
5 30
12 28
15 33
16 29
1 27
4 34
16 24
2 33
13 34
20 30
22 33
6 28
13 30
8 31
16 25
13 31
4 31
18 31
15 25
5 28
19 31
11 34
2 28
7 35
3 36
20 25
4 27
1 36
4 31
10 34
23 28
7 33
15 26
7 36
1 32
11 27
19 34
5 24
2 24
18 35
7 34
18 25
15 31
7 34
2 30
23 34
10 24
4 29
17 35
22 36
7 34
19 24
21 36
10 32
6 30
8 32
3 29
12 35
21 36
13 29
15 28
1 33
21 34
18 28
18 30
21 34
14 29
7 35
17 31
10 32
5 27
14 34
1 36
19 28
13 35
16 27
16 27
13 26
20 25
5 29
23 24
19 36
15 28
6 26
5 24
12 26
19 33
22 32
21 28
6 27
16 30
2 29
19 34
2 27
10 34
5 36
6 26
15 26
13 25
21 31
6 28
6 27
6 33
4 28
3 24
13 34
1 25
12 32
23 33
11 31
21 27
13 34
8 26
15 25
4 34
10 25
23 28
1 31
18 24
3 28
1 30
20 27
21 30
20 34
9 26
12 28
14 29
4 32
7 36
8 28
3 29
21 34
4 27
9 34
5 34
14 25
13 35
16 25
16 35
17 26
4 24
22 30
8 35
21 24
6 24
20 29
11 26
10 26
6 32
14 26
9 27
22 28
22 27
18 26
2 32
9 29
10 28
17 30
1 24
14 32
7 32
5 25
4 29
6 26
9 26
7 26
21 31
10 25
1 27
19 33
10 25
5 32
4 27
19 35
1 25
18 34
19 31
18 36
9 34
1 32
14 33
17 27
20 33
8 29
14 26
11 34
9 33
22 29
16 25
8 35
18 24
17 33
19 35
-1 -1
92 66
36 118
45 112
87 134
56 128
35 95
8 154
48 124
22 133
11 146
40 143
45 136
43 123
85 123
35 150
22 158
2 147
18 104
75 102
74 94
38 125
2 99
83 125
73 154
44 150
36 143
62 122
74 125
20 100
20 138
86 139
42 143
60 120
38 114
43 106
26 154
50 102
56 153
81 147
18 93
78 145
59 127
58 99
33 110
66 110
27 123
1 94
37 111
69 124
58 127
4 123
65 104
45 135
45 95
23 124
6 122
17 135
91 101
74 121
6 120
24 153
72 157
87 117
41 130
20 147
4 141
90 118
22 135
55 115
85 145
16 93
71 132
5 118
32 156
65 134
61 114
72 109
85 144
86 109
9 112
38 131
38 108
91 118
49 115
71 110
88 121
13 147
60 152
81 137
19 143
9 148
6 95
42 104
49 137
67 133
81 105
78 124
26 136
36 147
86 146
42 104
78 119
37 118
53 152
90 117
10 94
82 104
65 102
47 146
31 120
40 146
45 93
14 124
55 122
64 127
58 105
75 129
76 131
5 128
22 136
19 130
22 101
58 103
62 113
51 121
33 155
25 140
57 138
82 109
20 119
29 143
71 104
51 128
60 103
41 134
31 115
29 93
47 112
58 146
37 112
81 129
46 103
38 136
13 137
15 138
27 133
75 110
82 130
86 123
35 102
68 153
84 139
7 104
86 93
5 129
31 152
50 153
10 138
61 114
41 157
57 150
79 128
83 106
63 109
23 154
46 113
67 102
17 98
46 142
69 136
12 114
38 99
85 120
9 128
29 124
21 141
71 128
36 120
53 108
79 135
78 106
3 151
61 157
34 149
90 134
45 119
26 157
7 113
31 137
31 94
8 110
21 101
18 106
26 116
56 153
84 111
29 142
60 146
71 131
63 94
38 116
55 109
1 112
27 133
56 126
8 113
2 145
61 121
1 96
1 143
25 145
24 143
5 140
83 154
52 127
80 102
58 143
70 93
89 131
92 137
87 155
4 117
73 101
10 158
5 123
29 153
55 151
69 145
85 95
58 116
33 149
30 149
91 146
53 151
11 96
64 139
72 107
91 94
46 112
10 141
34 128
19 116
27 100
57 133
71 108
36 131
86 130
71 149
5 105
10 149
35 149
30 124
40 143
89 118
56 143
70 105
3 98
37 94
44 150
7 96
47 101
49 154
2 100
13 123
55 147
28 108
40 134
33 151
39 139
87 155
12 123
75 152
64 95
8 134
87 94
79 127
58 104
72 124
45 152
62 129
58 113
19 104
91 122
43 152
60 152
87 124
73 110
31 128
67 137
17 142
40 117
32 128
87 132
63 140
32 143
88 129
18 153
11 103
75 148
11 95
68 117
42 98
81 93
40 117
61 150
34 142
58 103
28 103
4 110
29 121
67 95
69 158
34 137
40 156
65 113
89 152
63 117
65 109
32 157
49 137
13 140
9 117
66 100
42 127
30 145
34 140
81 125
91 125
42 112
58 109
4 111
17 104
48 114
30 109
71 152
6 118
12 129
48 103
75 119
6 118
43 124
26 94
19 145
57 141
75 137
25 156
49 134
71 103
47 154
7 136
34 124
42 122
49 151
73 123
2 101
80 128
31 145
86 133
37 136
67 158
17 123
33 118
92 107
67 137
89 158
55 153
12 150
47 153
54 152
38 93
66 151
13 116
46 156
8 99
70 137
57 130
75 154
58 103
36 149
37 135
6 99
74 113
18 135
76 155
23 96
33 147
24 138
43 146
23 152
57 118
22 122
51 153
82 134
9 106
58 143
14 97
65 158
63 152
91 118
65 107
5 122
1 110
59 124
87 122
54 106
61 141
70 124
1 127
10 145
60 113
85 104
44 94
31 135
48 100
68 130
70 128
36 121
14 94
12 141
49 117
68 106
57 108
34 144
87 123
50 114
92 96
42 106
8 104
87 107
60 139
13 103
43 109
79 94
32 98
91 146
62 144
13 153
71 111
81 108
45 119
30 117
22 118
80 125
63 143
22 98
31 108
1 129
89 112
27 155
83 148
83 96
28 156
24 96
49 133
88 111
11 129
59 142
80 129
56 100
11 98
43 147
25 101
12 103
82 141
19 134
51 120
21 141
21 143
74 95
33 145
78 140
30 109
5 125
48 102
38 96
58 129
71 105
82 130
39 142
51 133
4 142
72 149
84 102
67 99
30 93
17 109
88 117
68 148
15 151
5 131
89 111
22 133
46 104
23 136
70 132
73 101
38 100
62 155
53 120
88 158
73 145
92 103
90 123
2 148
26 148
38 132
25 141
17 148
3 123
86 142
60 122
38 130
76 111
82 116
39 141
19 128
18 119
34 98
67 106
1 109
57 158
29 142
28 145
78 148
91 154
32 98
38 157
8 140
62 157
62 97
31 140
87 118
70 100
58 154
16 109
79 139
69 139
21 155
27 111
73 114
77 138
25 138
12 111
29 125
21 138
3 119
89 149
78 112
53 146
6 117
20 139
54 120
73 128
2 121
45 123
70 130
58 126
26 122
81 125
71 121
89 96
54 93
8 141
35 130
10 106
77 123
83 100
33 137
86 142
48 107
20 99
28 122
25 150
77 128
1 132
12 128
9 153
45 146
57 143
66 134
65 131
51 95
55 127
47 145
36 144
87 141
12 148
33 151
67 93
16 158
33 132
70 94
2 117
34 103
87 117
47 153
28 127
68 146
54 148
70 141
70 112
71 103
2 151
16 153
16 144
10 138
5 156
92 95
64 136
8 135
7 154
86 94
28 143
17 112
60 128
57 127
33 104
24 128
42 110
62 100
15 147
50 144
92 129
66 121
42 108
38 107
28 143
31 97
84 111
68 115
18 156
72 107
80 157
83 108
43 130
25 103
72 155
14 112
55 141
72 98
48 145
6 138
39 134
83 144
74 106
34 101
8 122
11 126
4 156
70 122
21 144
22 145
65 101
17 130
77 112
82 155
91 138
31 134
59 109
12 121
22 121
87 101
13 109
46 136
92 101
2 106
50 116
17 150
71 133
75 143
51 93
24 95
47 126
41 125
1 116
67 117
49 125
12 141
29 102
29 123
53 135
72 148
16 105
67 144
69 145
12 116
17 97
86 157
55 128
48 129
33 94
5 132
3 104
87 95
82 109
56 114
91 151
66 129
15 103
42 95
37 112
44 107
26 135
44 125
16 142
12 151
42 115
28 98
11 154
6 130
5 142
71 109
29 155
10 115
4 131
48 103
67 123
75 156
82 114
87 113
61 146
69 121
53 117
34 124
54 123
79 133
17 109
35 111
35 100
74 127
74 106
3 112
28 145
29 130
78 106
21 112
39 135
11 153
69 132
9 119
7 101
16 148
84 109
90 96
34 117
24 113
6 142
73 138
20 95
10 117
10 111
67 117
30 148
22 121
63 157
83 137
27 126
84 139
78 142
13 112
2 152
47 101
68 152
24 101
70 99
6 125
9 96
50 131
57 104
62 151
47 152
15 132
61 151
83 127
52 140
13 112
10 100
46 116
79 111
70 93
59 101
90 151
4 154
20 122
72 101
88 126
15 139
24 134
74 109
36 120
10 130
48 154
43 100
43 132
40 155
86 108
54 156
36 149
43 111
19 136
92 155
74 115
6 140
56 139
38 145
53 148
27 101
68 102
29 106
65 149
10 122
24 151
36 103
25 127
77 124
37 123
17 94
70 113
22 138
10 119
64 153
65 131
56 139
80 155
67 116
40 121
14 143
68 129
80 154
2 114
70 141
24 103
86 123
38 132
64 114
62 120
85 137
44 108
12 98
31 124
1 115
12 121
88 115
18 154
23 110
42 96
31 117
19 104
84 95
88 144
35 145
4 154
8 154
14 110
24 123
39 154
32 94
65 116
35 131
42 144
56 110
88 144
40 127
62 122
31 113
46 140
68 139
44 145
66 101
72 121
31 128
7 127
44 128
60 156
23 112
64 154
25 146
50 158
80 149
25 95
26 124
54 134
90 134
22 149
66 127
88 147
18 151
83 133
16 138
79 117
17 112
40 148
51 157
87 152
12 156
12 99
65 156
15 126
58 133
23 131
5 125
67 118
57 100
63 102
85 126
47 94
57 115
78 126
20 158
14 101
43 153
79 113
13 118
57 141
16 133
41 126
82 135
37 115
47 140
35 98
71 140
48 107
38 100
59 124
80 147
57 97
26 105
70 124
14 131
52 93
51 97
9 112
59 145
79 145
69 108
27 94
56 109
23 128
85 112
29 121
30 102
31 158
24 108
73 155
15 98
83 113
47 115
16 131
33 124
67 103
46 128
51 100
87 108
10 152
74 157
54 132
43 114
84 121
82 158
24 104
77 99
73 127
85 111
24 104
66 119
23 102
7 128
60 98
54 125
43 131
27 108
44 145
51 122
64 147
12 146
75 105
19 99
71 145
13 139
47 153
38 158
21 115
83 132
64 108
26 131
25 137
15 130
5 120
49 143
43 119
5 125
71 129
18 104
46 100
26 145
79 142
92 118
39 135
35 157
64 157
58 141
79 129
24 123
15 121
69 143
10 139
50 115
86 157
70 140
6 148
57 145
58 136
41 151
28 109
19 121
29 143
87 151
35 124
55 114
52 117
57 103
19 99
86 129
13 140
22 109
11 133
82 148
87 143
69 130
28 108
18 136
33 134
8 105
80 128
87 128
11 118
82 144
15 149
34 146
21 132
2 94
86 152
24 95
41 139
11 134
22 156
12 147
62 138
14 158
26 133
69 121
67 136
7 142
87 123
41 108
16 93
35 157
45 95
83 121
74 141
59 127
36 135
86 127
54 105
84 149
77 121
4 112
90 157
1 148
85 146
68 122
32 157
89 144
21 136
40 94
45 137
74 152
25 146
92 146
27 150
83 95
17 130
49 115
39 107
59 96
38 100
87 121
84 96
59 144
63 140
71 145
62 152
88 100
13 115
45 138
12 98
91 125
66 149
47 111
30 147
7 99
91 117
81 105
36 118
14 96
25 126
27 102
77 122
76 106
64 152
82 136
56 144
71 149
84 95
71 141
23 110
45 150
43 123
47 105
27 105
42 148
81 138
1 156
46 147
35 152
51 94
43 134
25 124
84 127
47 102
5 113
74 105
10 123
37 95
68 112
15 109
50 134
86 104
36 94
45 104
8 104
68 129
87 154
90 110
69 130
63 130
36 96
84 108
50 104
59 102
89 150
3 158
74 97
76 110
81 102
46 139
16 105
4 103
18 122
39 111
19 109
32 123
57 122
91 105
8 128
56 132
49 105
71 149
47 97
30 130
4 95
82 139
67 146
63 115
5 119
76 147
21 95
31 150
3 156
76 147
57 111
12 131
69 96
23 149
13 104
78 126
52 117
91 98
80 131
74 122
60 95
5 104
76 100
22 134
7 93
80 100
80 111
43 131
20 102
79 101
35 136
47 150
41 113
78 108
11 113
87 134
66 131
46 143
19 116
23 121
88 121
81 158
74 136
29 120
63 134
76 117
58 128
81 141
60 152
16 106
6 153
40 117
92 100
52 130
44 117
88 145
19 129
76 128
55 143
86 141
2 98
48 115
1 123
24 126
25 106
75 98
10 133
75 93
62 143
57 134
24 119
7 128
44 102
78 120
26 133
18 95
4 134
48 118
49 115
69 156
31 140
77 98
10 110
70 102
18 96
22 99
85 158
18 147
82 152
66 146
11 120
81 100
6 110
53 121
6 142
90 137
51 117
73 122
7 155
32 111
19 158
32 139
3 145
19 135
1 94
7 95
55 134
63 132
91 123
37 93
79 94
80 94
5 97
50 157
56 154
37 139
55 126
61 107
65 107
21 147
82 133
7 124
38 151
69 156
20 135
86 136
36 100
55 111
72 137
2 102
15 108
17 96
23 128
27 127
56 117
28 127
81 143
33 97
11 125
25 126
40 104
22 96
18 142
8 158
12 124
40 119
84 127
63 144
90 118
12 97
72 129
68 137
26 93
53 116
47 94
53 148
72 152
55 157
45 146
1 94
30 142
48 148
24 106
17 136
25 153
74 118
28 110
69 101
31 114
35 123
53 108
3 119
36 134
23 105
36 121
44 101
2 137
34 132
59 150
50 148
3 116
20 97
60 106
15 157
75 102
87 95
34 127
13 125
91 98
44 134
52 152
31 115
47 122
66 121
64 113
19 106
61 155
14 115
1 145
34 140
4 115
85 152
14 97
41 105
41 154
5 108
81 109
4 128
82 136
60 99
12 94
62 97
2 147
19 152
11 137
18 134
18 146
61 148
4 142
89 123
72 148
38 97
70 105
58 119
50 120
56 127
79 141
84 93
39 101
1 134
53 101
35 113
83 146
47 114
53 130
56 127
9 119
47 111
91 134
80 157
16 106
62 103
75 115
89 155
76 122
47 123
4 105
10 107
36 100
59 114
28 147
33 158
3 104
28 97
9 107
92 134
8 127
27 95
35 123
90 103
88 110
45 149
52 131
57 101
68 152
70 121
2 156
14 112
88 136
85 138
60 109
89 128
21 112
21 110
37 152
13 105
79 99
39 153
3 142
69 134
24 148
50 147
34 104
46 102
20 113
30 129
23 144
31 107
31 119
9 130
46 104
71 124
67 118
42 111
72 145
27 136
43 96
48 138
37 146
77 102
76 127
75 98
35 127
38 126
44 137
80 105
13 93
25 142
78 158
64 105
89 130
53 157
71 96
69 151
2 154
63 104
36 139
81 145
7 121
70 130
57 120
12 126
2 115
26 131
44 110
74 155
75 132
21 103
84 120
23 144
50 114
60 157
75 100
30 111
24 100
3 121
9 117
35 122
67 110
49 148
34 158
41 154
25 102
86 133
55 132
24 148
29 157
41 133
46 130
43 107
82 123
30 153
13 139
52 93
2 102
80 145
3 154
23 102
60 134
76 133
76 158
75 135
66 96
16 124
24 110
13 120
44 157
25 136
48 132
14 111
23 158
34 122
12 144
21 99
75 107
54 139
50 158
43 145
34 156
66 142
54 151
46 134
6 154
89 136
52 134
43 121
43 97
3 106
57 104
20 119
79 107
66 144
18 121
58 125
68 109
20 158
83 97
36 145
25 143
71 106
9 150
30 107
54 144
86 109
37 142
35 144
51 143
7 129
59 98
19 127
81 109
4 97
88 151
13 121
69 134
85 123
8 147
19 155
39 145
73 134
81 96
5 127
8 94
29 100
70 138
54 109
64 156
64 105
25 150
87 98
1 118
72 151
25 156
86 93
14 154
79 107
20 130
40 123
78 126
76 147
62 153
3 100
90 128
50 118
61 94
29 152
14 132
89 144
3 138
63 118
49 110
61 138
67 112
3 129
8 116
24 119
33 153
26 102
23 119
24 158
8 110
71 99
88 128
31 143
35 149
26 103
13 96
89 130
77 101
66 111
59 122
33 150
48 113
71 119
66 105
68 106
60 127
1 157
38 103
45 112
72 145
23 154
17 141
60 139
43 156
77 143
78 149
88 100
5 132
38 98
75 102
60 127
50 133
66 154
84 133
29 135
63 145
54 121
47 156
78 142
13 100
55 102
58 148
11 147
88 147
76 154
80 114
39 111
13 148
73 121
83 147
10 153
60 130
92 122
3 99
40 143
78 115
67 106
70 118
3 126
48 120
39 145
82 120
81 104
83 157
55 157
63 114
8 130
50 113
75 114
22 140
64 126
51 151
54 109
39 101
89 94
78 112
92 95
60 149
58 138
40 139
1 105
71 120
19 115
1 100
8 129
28 132
3 138
31 123
21 104
60 93
23 129
45 112
32 106
84 142
62 134
13 107
39 111
8 130
35 116
19 99
32 101
88 138
70 111
55 136
4 157
82 132
15 133
14 142
21 114
78 121
73 136
22 99
21 127
21 125
68 93
33 114
57 103
75 104
72 99
62 99
39 105
41 102
67 94
13 153
57 93
63 152
63 110
34 121
91 108
35 128
18 129
34 107
13 147
32 121
52 143
5 112
27 158
60 137
37 155
53 127
58 129
47 120
12 141
77 141
42 117
54 147
69 98
67 144
87 150
56 127
80 145
32 143
18 130
56 151
20 118
3 140
70 105
89 152
76 140
69 157
48 155
85 134
90 124
87 118
54 103
62 143
3 123
42 124
82 140
52 102
12 103
82 137
28 114
53 124
8 105
44 97
71 94
4 156
3 158
72 152
12 99
47 134
73 118
7 145
57 148
81 98
32 119
30 154
68 119
9 93
70 120
34 121
57 108
88 128
33 138
58 101
60 104
43 112
61 96
36 132
29 148
39 156
2 132
29 127
66 156
11 126
48 128
8 115
92 151
69 140
89 154
67 113
34 156
85 136
69 106
33 105
20 111
9 115
49 129
41 122
6 132
75 141
36 125
21 101
31 141
62 103
41 123
64 137
50 133
30 147
69 126
38 146
72 142
51 151
33 151
42 100
55 95
6 135
20 97
67 127
6 140
84 102
31 146
79 149
68 115
29 132
7 116
85 107
40 122
90 95
39 131
65 156
48 125
11 149
50 116
55 105
56 112
31 105
37 151
44 94
36 124
55 123
56 95
25 129
88 101
10 118
1 153
2 144
58 149
27 143
20 145
63 113
71 125
78 127
49 148
71 139
38 118
7 134
88 135
8 121
72 133
34 110
20 157
48 121
42 127
10 152
89 102
27 122
14 157
85 97
30 109
22 154
38 96
66 126
31 99
30 122
80 150
55 138
20 143
12 132
32 93
87 127
89 93
78 105
5 123
85 153
16 122
36 106
60 123
63 106
82 103
84 100
32 116
60 152
86 93
5 127
92 119
55 132
27 143
69 158
24 138
6 119
3 99
31 119
85 113
19 96
43 153
50 153
32 102
74 113
64 115
60 149
55 146
81 146
45 105
48 150
83 129
87 132
43 144
60 124
59 140
66 129
67 110
51 112
76 120
1 96
72 135
4 138
31 127
62 125
58 117
74 138
43 126
53 105
72 143
18 106
72 127
63 154
23 122
24 100
40 118
40 155
80 107
18 133
86 114
6 110
22 137
67 114
22 129
59 135
50 112
29 119
26 128
59 99
30 127
85 142
60 150
60 97
54 101
29 133
54 101
32 116
42 148
81 99
81 111
6 131
37 113
15 146
27 139
29 107
63 118
9 122
73 109
24 101
40 146
58 138
17 152
48 143
40 122
41 111
5 151
74 115
25 103
14 134
9 95
78 131
48 145
44 126
1 125
69 97
52 157
73 109
10 136
31 138
61 149
58 99
36 134
34 123
14 125
62 157
78 134
82 141
36 108
67 132
74 102
90 96
77 139
9 103
68 131
21 157
61 144
81 106
84 146
90 140
73 147
24 126
1 100
75 120
75 102
74 116
46 147
64 153
35 152
27 110
45 147
1 109
9 145
45 142
71 117
7 129
80 153
84 108
22 144
68 96
65 104
56 120
87 141
18 106
54 112
10 114
24 105
20 145
75 140
16 114
15 145
29 132
29 154
21 137
17 120
11 114
38 152
34 148
44 136
45 139
54 120
67 132
73 94
10 131
45 112
58 121
22 102
19 142
58 116
27 111
78 153
29 95
50 104
55 100
40 122
89 115
11 104
74 109
60 112
42 114
45 95
48 131
50 98
78 128
41 123
16 125
81 145
5 143
57 138
24 140
33 94
65 113
77 142
86 122
25 125
56 121
61 144
74 107
38 145
2 108
56 119
1 136
58 130
12 109
39 122
88 97
70 154
66 156
28 107
79 144
52 140
73 158
52 141
67 107
82 99
6 113
69 97
45 133
25 151
33 121
76 112
56 96
47 108
15 148
48 152
58 143
73 103
41 114
33 152
32 156
30 152
78 154
67 112
78 133
14 124
73 126
72 122
52 156
28 99
13 109
38 95
7 153
53 130
19 122
74 100
92 139
10 103
91 123
78 138
60 118
41 132
32 145
16 117
15 99
33 113
39 103
12 134
61 139
14 109
72 128
38 95
32 142
86 149
73 158
13 103
72 134
19 103
45 119
58 152
2 137
66 102
18 109
87 95
45 94
13 133
83 94
9 105
60 110
18 103
87 146
86 93
82 156
70 129
52 128
4 138
52 151
39 95
45 117
36 120
11 140
63 103
49 129
51 149
75 153
10 141
18 150
56 111
25 123
92 149
90 108
36 109
78 150
4 156
53 135
65 112
82 102
34 155
61 120
20 106
49 116
7 117
13 151
92 120
62 105
11 135
31 135
68 151
19 107
14 124
70 147
56 158
58 127
16 101
48 104
72 108
91 132
75 118
89 108
44 138
60 101
77 133
58 101
22 107
44 156
11 107
67 154
4 138
88 131
51 153
50 94
79 141
89 106
67 141
82 93
5 135
36 140
64 93
36 144
44 142
8 133
64 119
21 104
64 116
12 127
45 98
78 152
46 149
82 132
68 121
75 158
59 107
33 116
86 136
65 151
57 145
72 134
90 147
79 151
50 115
77 122
41 95
29 154
75 96
75 110
84 94
20 106
38 133
16 119
86 125
80 121
69 154
56 117
63 149
42 107
73 143
40 120
7 140
46 125
79 99
56 96
17 138
58 114
27 153
53 104
24 126
5 99
80 101
19 140
9 123
22 155
53 134
20 126
78 137
18 132
87 101
36 144
57 105
57 110
72 125
39 119
60 143
61 111
38 106
22 93
43 102
26 100
58 139
42 102
56 126
36 157
41 132
11 142
62 113
72 135
31 98
66 146
2 154
88 97
7 141
40 122
20 94
66 151
8 136
81 147
32 119
13 133
3 144
66 139
71 124
88 110
26 140
72 97
26 106
85 112
11 138
66 145
42 145
23 106
63 153
2 152
82 133
65 101
23 111
81 114
32 134
33 135
71 144
30 143
32 120
85 153
54 147
8 139
28 138
25 103
23 145
81 141
55 93
19 151
87 94
71 110
17 147
82 125
13 124
11 126
76 154
19 137
8 106
49 145
18 130
35 99
49 152
5 133
41 125
92 122
78 144
65 133
5 107
63 141
48 146
45 113
58 108
52 154
77 113
61 102
8 117
22 127
63 103
75 144
13 131
91 96
12 101
70 154
87 93
25 125
11 137
24 135
50 116
92 117
58 116
53 110
86 129
5 135
58 118
18 123
3 148
57 106
5 93
63 139
72 156
4 97
8 141
65 121
77 151
6 141
77 123
89 103
80 107
69 154
83 101
67 113
76 122
81 127
72 134
76 152
81 157
55 128
42 93
24 97
41 131
78 98
88 158
92 142
2 127
26 125
68 117
49 120
18 133
44 153
71 99
92 123
34 156
55 133
5 149
40 117
16 136
2 101
17 106
15 120
81 137
15 102
47 114
37 149
19 104
61 121
50 112
15 139
67 123
83 141
9 153
-1 -1
30 63
19 38
4 73
8 56
11 83
25 71
4 76
21 35
19 77
19 47
30 71
7 64
6 65
19 40
17 36
18 65
29 63
5 77
9 92
6 82
2 90
26 81
14 63
16 85
28 40
23 47
14 56
25 70
8 58
29 77
19 32
26 38
1 89
24 45
29 68
18 58
14 66
30 37
10 50
19 47
27 65
6 85
23 44
8 63
30 64
16 50
23 89
25 73
29 65
24 45
8 66
19 67
30 54
5 44
13 55
11 36
23 39
4 31
3 88
13 93
15 72
26 76
20 45
30 87
7 42
12 75
6 71
15 52
28 64
10 50
2 66
28 36
10 85
16 72
19 83
17 91
29 38
21 49
11 83
14 91
25 58
22 88
5 59
28 68
28 65
16 64
25 74
8 53
3 69
22 55
25 53
21 65
7 50
1 47
14 66
10 87
28 67
10 60
20 59
12 71
21 87
17 77
2 85
2 56
25 56
22 73
17 48
1 44
20 93
10 65
24 80
6 47
5 71
6 92
30 59
14 31
26 65
1 59
10 64
6 67
12 74
5 60
8 57
27 68
2 44
6 88
26 32
14 87
21 55
19 75
12 69
7 62
18 62
9 31
4 53
12 88
24 51
21 32
23 40
29 62
23 45
21 65
20 36
28 67
18 71
14 71
2 50
3 40
5 44
3 66
29 46
25 68
28 35
22 63
4 86
17 44
16 64
19 35
15 91
8 70
14 51
5 58
6 32
6 49
30 47
17 78
2 48
11 76
29 45
7 75
13 46
29 42
4 88
18 34
8 92
17 62
4 78
18 76
23 67
8 65
24 63
22 52
3 81
5 35
6 47
7 58
15 56
17 35
16 43
27 64
5 69
19 31
19 72
23 69
4 41
30 58
13 39
12 58
8 70
23 63
15 73
16 84
17 50
12 67
29 78
11 75
27 71
26 38
5 66
11 57
13 40
8 49
25 66
5 53
30 73
19 91
20 60
14 56
12 72
1 39
9 37
29 83
16 44
12 88
3 85
24 71
17 89
2 40
25 40
10 75
4 88
18 33
17 84
13 68
21 93
10 35
8 82
11 79
17 50
12 36
16 64
24 90
9 66
9 79
24 34
19 42
16 92
22 42
10 50
17 58
4 51
19 36
29 36
3 64
21 79
6 38
22 59
24 52
29 87
10 88
22 49
13 41
25 49
21 45
25 60
16 34
27 87
27 93
9 34
26 37
26 40
22 44
10 39
28 39
4 66
13 59
8 44
2 67
16 79
26 49
30 45
14 74
5 41
10 31
17 48
9 39
9 69
3 61
15 78
27 84
23 84
30 80
25 59
14 51
13 75
14 84
15 83
16 38
1 83
28 67
3 57
23 39
16 57
26 55
25 74
6 41
26 84
18 59
30 78
8 91
24 59
1 61
16 78
25 43
26 87
14 58
13 69
4 45
18 32
15 81
7 50
28 46
28 63
23 53
19 60
16 79
12 68
17 82
16 62
22 31
6 62
24 48
26 86
8 66
14 39
4 59
14 72
9 41
17 48
19 55
16 80
28 91
28 35
12 43
2 41
5 93
27 39
8 60
19 32
9 58
2 35
22 82
4 73
29 66
2 64
10 76
16 62
25 33
3 33
28 86
9 83
8 78
15 68
9 53
29 53
25 83
11 82
3 48
21 70
18 40
14 48
7 47
12 47
17 37
2 31
30 61
15 31
24 39
28 75
25 64
30 49
10 59
30 87
15 66
8 40
26 93
21 69
3 58
27 48
8 90
21 59
25 85
30 45
8 59
30 75
25 38
1 84
22 65
25 55
23 66
22 90
15 48
10 84
28 64
13 32
25 88
4 43
13 40
3 75
8 84
5 46
19 36
3 68
7 72
9 91
17 71
12 43
15 65
13 56
8 77
17 89
15 80
8 73
24 69
25 50
10 40
17 79
29 82
20 47
23 60
5 34
23 43
11 42
5 65
3 57
29 69
3 33
16 42
26 40
7 31
19 72
28 37
12 60
22 41
30 85
9 79
15 49
18 37
25 58
26 50
17 79
10 90
18 59
14 47
9 47
12 36
29 59
20 89
9 54
10 32
16 67
8 92
12 48
24 39
20 72
22 91
4 86
11 82
1 57
18 48
15 82
3 86
9 64
1 31
27 93
13 54
15 93
1 48
24 36
13 66
1 37
5 50
28 52
6 56
20 70
18 88
24 41
9 87
25 33
8 90
23 42
14 85
8 76
18 68
24 32
8 32
29 86
4 83
1 87
10 49
6 93
10 87
28 74
22 65
4 61
21 71
7 71
23 31
30 89
27 86
23 69
28 34
10 75
27 77
24 75
16 49
1 63
16 57
9 81
12 93
4 68
26 42
25 81
2 73
23 74
23 42
29 68
11 73
19 47
22 39
28 36
28 62
28 69
11 71
19 68
2 93
11 44
13 92
26 34
14 48
21 67
21 91
1 90
7 42
21 75
14 61
24 71
2 45
20 34
7 44
25 47
25 37
21 68
15 79
17 40
10 90
3 55
28 33
19 38
8 37
14 50
7 80
30 40
3 83
21 59
2 90
2 31
26 84
13 35
18 53
13 34
4 60
16 31
22 45
12 62
21 93
7 71
13 86
5 86
7 48
10 35
9 31
27 76
22 40
19 60
26 75
26 84
8 77
6 81
17 85
13 85
20 87
10 65
7 33
2 90
28 63
12 50
7 65
6 32
22 36
13 64
28 63
18 41
15 34
14 37
21 50
24 52
13 37
26 90
5 83
23 42
14 88
5 76
6 49
16 55
17 34
21 73
15 48
1 65
11 75
20 84
18 45
10 37
13 42
24 46
20 89
8 40
18 89
22 43
8 87
5 31
30 61
8 36
9 80
7 43
28 52
5 83
26 71
24 77
2 65
28 33
28 56
26 31
21 58
30 85
24 66
5 57
26 59
13 70
26 49
12 37
2 86
14 64
17 68
6 85
9 64
15 90
13 66
22 47
5 57
1 40
16 75
16 87
1 87
22 34
29 39
17 81
26 64
11 43
23 85
9 79
19 34
28 47
12 85
3 55
4 37
22 63
26 67
29 49
19 46
6 81
30 35
25 89
25 81
19 77
8 79
16 64
5 83
13 48
29 93
3 44
18 45
9 90
25 50
12 36
26 36
24 35
17 72
21 71
6 41
7 31
5 66
25 76
27 57
12 45
4 34
20 81
22 58
27 63
29 89
1 81
13 45
22 69
4 58
21 32
12 72
12 62
1 44
27 39
22 88
1 47
10 44
14 71
27 76
27 70
26 67
9 69
3 87
7 52
2 68
10 71
10 52
8 59
25 53
11 80
17 63
18 58
6 36
24 39
19 59
27 79
3 31
1 64
6 48
27 65
22 73
16 88
9 81
1 74
29 60
17 33
4 81
1 81
8 62
8 36
10 48
8 36
4 88
3 87
2 37
29 69
18 70
24 45
20 69
2 42
15 74
19 45
11 46
26 39
6 43
12 84
26 82
16 62
18 65
18 55
25 51
22 39
2 78
15 59
4 75
8 50
18 39
4 49
25 34
11 42
4 77
22 65
29 37
16 53
17 91
3 91
4 81
2 35
28 48
25 41
5 42
27 54
14 51
3 39
18 52
18 88
24 55
3 76
16 64
7 54
7 89
18 85
7 86
16 77
27 84
19 43
15 61
12 49
17 86
2 47
30 67
25 72
11 37
21 60
20 77
5 53
29 47
28 43
2 56
7 53
4 52
23 57
5 44
6 91
28 76
2 88
12 68
6 42
6 78
6 69
19 46
1 60
17 93
7 83
22 38
3 85
13 88
10 84
1 67
27 69
18 43
16 31
1 41
15 31
17 65
18 75
17 46
24 36
15 59
10 66
30 38
6 89
8 35
3 53
5 58
28 83
29 62
29 61
3 86
25 54
26 48
24 40
9 92
2 82
18 40
10 73
24 80
15 87
15 37
26 45
30 47
10 51
27 69
29 78
26 85
29 62
29 56
21 82
3 40
26 61
14 34
29 65
22 69
29 40
28 48
12 81
30 79
7 90
2 45
16 49
12 92
12 33
9 35
19 89
25 56
13 48
29 36
18 72
15 67
1 53
22 64
20 35
10 90
4 39
6 76
7 81
23 45
10 73
3 63
1 73
24 72
29 58
8 68
25 36
19 74
18 52
10 53
4 63
26 80
4 51
8 65
15 54
2 85
23 62
27 47
4 76
24 61
23 77
10 45
25 87
18 52
16 68
22 51
23 86
10 88
19 38
25 44
11 48
30 48
4 88
7 34
16 91
27 49
3 93
13 85
19 59
30 41
29 48
4 45
28 36
19 82
21 80
23 80
19 32
23 45
26 49
7 90
22 47
14 81
2 49
11 48
24 63
4 33
22 41
19 53
1 57
19 60
15 54
12 65
20 51
19 76
1 69
6 40
30 42
20 40
19 32
5 37
2 90
13 93
20 38
17 87
6 55
23 33
8 52
19 82
27 57
26 87
18 85
20 37
3 50
29 67
24 76
23 87
7 87
17 49
15 64
2 80
16 60
1 31
11 67
22 55
26 52
15 57
24 57
7 75
28 55
3 69
16 60
15 47
17 74
30 83
26 64
15 73
10 93
19 87
28 36
11 44
1 77
13 82
9 77
22 92
21 59
10 46
29 46
5 55
28 42
30 39
4 37
20 81
13 78
20 83
3 90
3 52
11 54
11 45
10 70
26 91
25 91
8 40
26 52
26 66
18 31
2 70
3 82
28 59
2 64
6 75
30 79
22 45
15 42
26 75
22 38
17 58
21 52
28 88
8 64
8 66
29 61
26 52
6 45
15 52
7 90
19 43
18 49
20 82
4 70
23 88
27 77
3 91
27 73
1 31
19 66
9 90
3 88
28 42
26 70
23 48
20 84
3 81
1 59
14 83
10 93
17 62
28 80
29 75
1 83
15 40
22 72
20 86
6 34
7 75
13 68
7 61
18 72
1 65
15 60
19 66
15 50
1 55
28 40
1 82
6 50
16 57
6 39
28 71
17 74
28 43
11 38
29 56
28 73
6 61
24 35
11 55
7 56
24 87
19 91
11 80
28 66
27 42
23 73
11 91
17 40
3 37
29 63
7 63
2 73
12 31
19 71
6 92
30 79
30 59
20 55
27 60
21 64
6 79
24 93
3 61
12 70
20 83
27 91
12 79
5 69
21 89
30 64
20 60
20 73
1 76
27 40
22 85
9 46
21 50
28 55
29 57
21 89
30 44
17 58
26 48
2 76
29 41
29 74
19 88
15 89
26 80
14 85
21 39
13 36
17 63
15 32
21 89
11 80
29 66
5 68
25 63
25 57
9 78
2 86
20 75
27 79
9 90
15 82
1 86
9 64
22 79
3 77
29 79
6 67
21 34
10 83
22 90
25 61
20 47
2 71
30 73
20 48
2 64
21 44
15 85
10 73
3 82
1 48
16 66
3 63
12 56
26 54
18 73
17 79
24 45
28 89
17 74
13 34
8 46
6 62
22 93
21 48
30 39
18 81
6 68
8 49
15 49
22 36
15 68
9 64
7 61
27 45
19 92
5 86
9 48
28 67
19 72
22 86
27 93
1 70
9 31
26 88
17 35
11 79
15 48
1 51
15 60
25 82
21 88
29 79
30 67
30 63
23 46
10 93
27 70
3 61
12 57
8 56
27 89
27 83
30 47
30 82
5 53
14 62
19 53
21 91
27 86
15 69
7 73
2 57
18 66
6 39
15 80
24 36
8 68
17 56
20 63
11 87
21 92
27 54
23 35
7 33
28 79
29 55
5 83
22 63
28 65
10 71
5 92
3 90
19 72
26 52
11 42
3 81
13 42
1 67
8 57
12 74
12 43
23 76
21 32
19 49
24 77
12 66
24 65
6 61
27 67
22 60
15 61
8 31
26 31
4 70
10 81
7 91
3 64
10 67
2 71
16 54
22 47
1 56
8 87
11 39
15 59
6 36
15 46
3 49
7 36
19 46
21 75
23 51
5 38
30 49
29 70
19 79
6 81
25 36
30 83
5 46
6 88
3 68
14 40
11 67
26 91
29 55
18 58
14 32
13 73
28 61
23 86
21 65
1 91
21 71
16 55
9 48
16 87
27 78
7 65
28 38
1 71
14 53
4 91
18 32
5 50
18 84
28 77
27 86
3 34
4 59
24 39
7 57
3 58
21 46
8 70
25 48
28 43
3 73
27 76
19 44
23 40
29 67
4 67
19 57
7 46
30 47
5 61
27 67
14 92
4 57
13 46
18 76
27 37
19 36
23 59
21 32
8 82
4 88
15 46
9 41
5 89
16 76
29 40
8 47
2 34
14 80
23 38
16 72
26 92
28 67
28 45
22 80
13 80
15 54
7 81
24 91
25 41
15 43
18 56
21 43
4 63
9 86
7 50
2 36
19 73
1 50
26 33
20 62
28 51
21 79
2 57
29 54
30 78
3 88
5 61
3 36
10 61
20 72
8 60
20 61
28 65
15 92
8 60
15 91
25 57
9 51
22 74
19 82
14 37
2 63
21 88
22 45
6 54
18 53
23 33
16 76
19 84
16 33
7 40
13 74
18 68
3 34
24 50
2 43
16 79
17 82
6 66
16 33
10 71
24 54
9 87
3 68
8 50
4 73
3 32
21 92
11 77
19 76
3 43
2 68
26 67
1 41
28 68
23 37
24 53
30 56
21 47
15 47
30 82
8 34
22 54
20 72
20 68
7 41
1 85
5 53
10 60
17 66
7 39
28 48
16 53
18 55
28 63
2 61
30 70
27 77
15 63
1 90
9 74
2 47
16 69
1 34
13 77
2 89
15 85
9 87
12 44
26 61
23 47
20 77
16 92
12 61
28 54
2 86
24 43
26 54
23 49
28 66
11 92
24 92
16 71
18 36
27 57
2 35
16 56
4 92
16 78
19 43
21 71
7 38
3 92
17 44
24 85
16 88
20 85
27 88
6 56
1 79
30 78
20 31
7 87
15 62
11 77
30 43
11 70
15 48
8 37
4 52
3 66
21 66
27 70
4 32
17 74
25 72
25 63
22 93
10 56
23 75
3 35
27 84
30 80
1 75
24 66
19 33
1 92
19 82
6 60
8 31
25 87
4 90
12 93
2 59
4 57
14 60
18 47
8 39
6 81
22 53
18 35
17 66
14 84
28 86
13 91
23 81
4 91
24 36
26 75
14 65
29 93
18 63
23 92
15 86
10 64
6 85
24 47
27 47
24 40
4 70
1 82
20 50
29 81
29 76
19 68
23 45
5 91
1 47
18 38
10 47
19 55
17 31
26 42
17 45
14 48
11 57
22 41
18 33
25 90
22 68
5 82
20 40
27 87
2 31
1 75
23 89
9 70
13 80
13 87
16 53
22 57
12 84
23 42
23 68
10 77
20 42
27 66
28 83
18 56
22 64
19 48
8 63
18 88
16 70
19 36
13 35
9 78
8 76
7 63
2 82
16 44
2 65
-1 -1
59 87
1 142
41 82
11 96
34 114
55 104
42 144
50 68
22 97
43 63
31 79
15 126
12 114
31 72
49 130
25 72
4 102
30 77
1 82
22 116
35 78
31 60
20 85
17 138
8 111
10 95
32 77
13 141
59 78
9 143
39 129
28 136
57 71
43 113
41 78
7 126
59 108
12 74
1 91
53 86
3 111
9 105
38 65
57 84
11 75
59 116
7 67
58 122
37 116
18 88
25 130
48 99
43 123
30 80
9 73
46 110
30 102
59 108
3 76
51 70
16 115
14 105
13 98
1 134
6 92
14 88
54 85
8 63
38 79
24 89
24 145
52 111
27 141
2 81
36 104
8 89
52 92
1 71
41 61
48 126
36 91
46 68
34 68
55 141
23 70
14 126
54 76
50 86
21 123
23 105
51 120
10 86
37 80
41 107
40 64
53 144
42 95
46 87
3 95
7 104
20 118
58 88
39 100
16 84
28 137
47 76
23 103
15 86
53 62
49 116
46 90
51 146
20 107
50 106
50 100
54 79
2 144
37 94
6 74
25 137
2 81
14 106
11 137
8 122
57 144
38 80
17 74
16 129
58 83
50 72
42 100
3 98
56 115
18 70
6 61
5 120
21 110
37 64
10 146
31 105
33 82
50 79
8 65
20 104
28 120
4 68
28 144
22 96
58 74
37 108
3 70
32 127
59 120
9 123
16 137
48 103
4 103
4 71
40 142
38 75
48 87
8 71
36 115
38 100
19 75
24 85
8 140
48 99
1 96
22 101
17 60
40 89
6 138
54 140
34 100
59 88
33 118
19 75
37 63
28 139
19 84
46 122
50 77
58 73
37 86
3 113
6 72
21 107
35 129
32 68
30 140
10 120
35 83
55 69
7 103
38 73
43 125
47 100
29 126
16 107
38 107
58 126
11 70
55 70
28 98
35 95
50 83
2 106
23 90
25 78
31 87
49 75
59 78
16 146
50 71
11 130
58 122
20 118
54 127
50 144
21 106
27 63
22 137
32 83
12 69
5 120
9 108
46 99
35 64
11 141
10 130
45 113
11 93
43 141
20 116
59 77
40 64
57 123
10 101
23 133
11 107
37 82
55 140
34 144
5 107
10 104
7 60
18 78
27 105
31 122
55 143
14 63
12 62
32 99
57 93
20 95
3 81
8 130
29 125
48 112
13 99
16 120
16 114
28 143
26 95
21 117
25 139
5 141
51 105
13 115
18 124
29 86
19 104
7 93
6 134
46 94
54 74
54 64
59 140
58 73
29 90
13 84
24 68
11 137
31 110
36 80
15 140
38 92
2 60
53 87
4 113
3 139
24 67
31 87
12 72
7 80
9 90
55 141
55 131
41 118
26 116
11 68
40 67
16 88
46 96
23 121
45 75
9 108
32 116
10 95
35 85
47 132
27 129
7 132
18 121
17 62
48 105
11 137
8 88
47 63
55 69
42 135
15 88
17 112
39 145
17 127
54 116
53 66
6 62
1 124
18 66
52 71
34 117
4 104
25 132
8 142
11 100
25 142
34 112
57 134
19 81
8 62
13 80
22 118
26 72
50 108
31 139
33 119
26 105
29 119
35 68
30 144
37 79
37 89
44 73
35 116
11 138
23 61
11 121
30 128
50 136
15 96
14 111
54 141
16 117
20 141
46 118
2 80
52 130
17 105
54 76
31 127
18 131
42 122
21 99
16 103
47 146
41 83
59 131
36 117
52 107
51 124
55 96
44 124
8 121
57 85
9 110
34 113
53 135
34 118
43 80
21 61
21 117
36 85
47 89
26 129
50 70
44 123
4 141
47 141
30 121
58 134
58 84
40 93
5 115
53 138
33 126
44 69
22 88
29 72
38 82
29 74
54 81
40 145
30 130
11 107
43 142
9 88
11 108
6 100
35 61
31 118
56 130
55 65
12 131
22 91
28 88
44 65
10 136
34 138
9 116
54 96
2 145
36 146
57 117
34 70
28 82
11 64
5 137
8 89
45 62
19 116
2 118
44 93
2 143
53 114
49 66
13 113
13 86
54 61
12 110
11 71
10 90
21 90
11 67
16 139
33 131
26 111
42 129
52 67
31 127
35 106
32 98
15 65
28 73
6 123
5 144
51 127
49 111
10 115
7 140
42 143
49 68
48 144
47 77
4 72
12 115
32 76
39 124
53 135
41 69
31 142
10 107
30 105
49 86
7 141
49 80
13 106
22 68
31 121
48 94
20 80
34 139
39 144
18 121
19 86
46 127
58 126
42 144
4 95
26 76
44 66
30 141
37 132
31 69
28 84
9 114
24 115
42 143
53 133
30 90
48 74
21 96
28 63
25 60
50 139
42 143
57 127
12 110
50 81
50 95
9 117
37 98
19 131
14 104
34 111
33 96
56 73
59 61
48 136
51 94
48 100
38 144
54 134
12 124
54 122
20 60
41 63
44 68
25 65
56 110
37 76
9 118
2 96
39 109
1 107
40 77
53 139
46 62
55 98
29 60
12 118
17 139
59 100
15 136
33 80
45 116
10 69
8 81
39 121
3 96
41 101
55 109
52 123
16 134
9 96
5 120
32 68
38 98
23 128
45 95
6 143
57 101
24 123
5 139
32 134
49 112
17 117
56 115
3 99
45 111
21 139
38 71
29 72
8 60
1 96
44 60
52 98
26 133
16 137
10 107
41 89
36 134
59 84
44 109
51 84
53 62
6 78
18 83
56 71
51 115
11 116
29 120
40 99
34 143
18 117
41 140
25 119
33 79
17 119
31 107
1 72
15 120
7 102
3 132
3 114
6 101
50 138
12 71
46 106
55 114
41 84
29 87
10 126
24 130
48 65
14 67
43 137
34 97
59 63
43 105
53 84
1 81
22 101
52 124
55 97
50 90
12 107
50 107
38 101
49 96
59 103
25 71
33 109
46 69
31 98
48 97
39 124
59 98
40 135
2 79
4 69
45 94
1 61
28 109
18 93
16 105
19 81
29 109
54 91
40 86
4 119
41 139
15 65
32 76
56 127
48 120
44 124
20 117
32 109
56 113
17 128
55 141
13 62
18 115
46 88
54 78
3 121
33 99
49 73
44 90
21 118
24 138
15 139
57 121
20 99
19 143
37 112
57 75
47 105
24 145
45 95
14 104
13 82
17 74
19 78
48 96
3 89
51 91
26 77
22 73
50 111
16 83
54 133
51 97
18 134
35 139
38 91
23 126
25 82
24 105
32 134
56 85
49 116
54 73
23 114
4 119
48 87
10 77
35 70
7 85
26 63
5 126
6 131
13 86
25 136
28 92
36 82
18 78
28 91
19 102
19 93
29 78
54 105
24 66
37 134
19 83
52 109
11 134
52 113
11 130
5 94
44 79
19 98
45 67
22 96
29 138
57 108
4 72
54 142
27 111
6 91
40 121
42 103
27 112
28 92
28 114
12 118
6 87
49 86
57 75
7 116
7 113
20 68
23 129
40 78
3 72
23 125
29 132
3 123
52 61
38 88
49 98
23 94
53 74
56 83
33 71
43 120
9 131
34 67
33 110
13 124
56 131
22 120
4 117
37 87
20 136
7 74
9 115
7 127
20 93
50 79
40 141
35 64
33 72
32 76
50 78
46 133
23 121
16 92
16 73
30 80
33 84
50 99
7 91
24 107
16 80
45 84
5 108
21 67
14 134
10 137
30 100
11 92
50 80
9 134
28 145
14 84
31 89
57 142
7 116
29 114
50 91
36 125
25 67
48 122
26 80
31 108
44 128
18 146
29 79
39 118
3 78
55 120
15 104
4 140
33 87
38 100
35 64
18 69
20 103
1 115
56 143
44 60
29 115
35 81
53 103
4 79
18 107
31 123
50 146
52 132
20 77
30 118
46 116
23 65
14 108
24 102
46 61
54 88
3 76
6 134
56 108
26 100
19 65
46 92
2 140
12 60
44 65
45 68
51 133
55 128
51 62
11 60
2 71
1 68
7 139
41 65
56 142
50 135
30 107
36 72
50 137
46 110
49 102
5 122
59 61
7 144
54 146
26 74
47 86
42 93
39 93
39 83
4 106
45 122
16 95
58 100
30 69
2 113
35 89
54 97
11 110
2 78
51 83
59 72
53 114
24 132
42 98
52 131
42 83
29 76
44 73
26 138
22 70
30 116
58 72
10 107
4 109
3 83
30 145
44 143
44 134
34 79
57 62
50 73
47 62
54 113
24 140
34 110
23 80
15 122
7 134
44 63
57 129
53 66
38 146
31 126
16 99
12 81
30 62
25 112
3 127
22 136
42 83
31 125
58 91
36 97
26 92
18 114
50 62
9 129
46 101
37 117
35 132
26 123
24 68
44 61
28 134
52 63
30 89
4 114
39 133
3 137
59 88
22 82
32 98
43 90
25 145
19 77
57 77
4 61
27 105
5 96
28 105
27 90
18 64
1 72
43 89
43 63
56 67
4 91
54 77
39 145
25 67
6 69
50 91
59 64
24 82
58 123
2 74
44 111
40 87
20 133
1 133
19 93
3 107
17 118
54 127
26 91
44 92
3 123
20 106
16 105
10 62
44 88
39 101
31 62
14 65
49 68
9 68
23 111
11 101
44 142
30 98
31 60
11 97
4 131
50 138
48 121
48 76
52 75
46 103
28 99
29 78
52 73
27 128
50 134
47 80
11 139
34 94
25 92
48 79
51 93
11 65
50 66
34 94
9 90
30 144
46 109
10 98
31 122
30 61
26 76
28 75
56 99
47 78
59 117
31 127
8 141
28 140
55 138
1 101
28 106
19 60
8 136
26 65
56 98
18 77
42 76
24 69
45 83
9 77
10 120
55 61
36 74
14 126
18 121
41 130
35 108
26 93
22 96
2 126
58 69
32 102
49 111
30 94
46 87
39 141
2 97
2 122
59 112
41 80
56 131
7 74
4 92
19 136
20 69
56 110
39 146
55 116
19 88
26 136
8 122
22 71
19 118
55 106
3 64
18 83
28 68
41 119
26 112
15 91
52 143
51 137
1 116
29 136
22 136
24 62
36 64
2 123
53 99
56 137
53 61
59 112
53 85
16 78
17 81
46 113
31 143
29 68
4 94
38 118
20 78
26 89
44 133
37 68
44 82
8 77
16 61
44 78
27 114
34 138
33 107
7 138
28 138
36 118
29 97
7 111
2 134
27 61
20 125
23 85
31 133
16 138
43 89
45 133
21 73
56 84
50 85
33 95
17 125
16 118
29 103
26 131
11 98
33 79
56 115
1 120
50 68
44 127
47 70
21 108
27 81
39 138
8 126
25 92
57 116
18 112
58 77
39 116
3 110
23 106
11 133
40 67
46 100
39 61
16 121
50 97
58 88
9 90
23 70
40 93
5 87
8 115
57 114
2 145
20 113
21 78
12 118
10 106
43 133
17 96
41 116
51 81
36 121
48 77
36 144
22 98
53 82
54 82
22 121
17 128
55 133
51 104
2 104
22 76
1 67
39 76
16 145
49 130
8 81
22 66
36 136
47 69
8 137
8 119
14 143
24 61
22 61
58 65
14 84
12 133
48 71
58 136
44 82
5 142
18 144
19 141
34 75
42 66
28 70
4 72
50 62
49 64
33 67
14 133
51 129
26 89
27 132
34 121
31 85
59 101
42 72
44 127
44 101
30 91
51 91
8 135
18 126
15 104
24 108
2 106
29 64
7 137
34 140
32 111
46 144
22 111
28 127
50 140
7 98
39 118
48 142
42 69
18 110
49 99
14 66
33 101
11 107
43 118
5 108
9 103
55 130
18 134
26 75
23 126
53 126
30 63
40 145
20 75
32 87
11 87
12 73
58 91
20 144
37 83
2 76
23 62
10 99
31 103
8 97
54 117
45 73
12 78
11 71
17 122
54 97
22 68
25 107
48 109
59 106
47 79
9 95
27 104
6 121
14 68
12 77
41 92
42 84
58 142
28 85
12 91
21 132
18 143
5 127
40 81
12 88
8 136
40 113
26 84
9 146
16 144
12 144
56 144
1 84
55 91
4 69
42 70
34 145
21 60
3 84
48 97
46 77
8 72
11 101
38 120
20 74
9 90
45 125
29 82
6 137
59 82
58 75
10 122
29 107
11 91
11 90
23 141
48 62
22 61
55 100
41 99
6 84
3 142
4 66
4 89
2 141
35 69
55 107
16 106
26 118
16 79
22 66
44 112
33 121
40 129
51 141
59 86
52 86
33 94
35 117
12 93
28 103
45 101
18 105
6 88
11 125
57 96
50 72
33 107
39 123
43 80
16 96
18 89
29 117
56 124
16 125
55 79
17 100
2 133
40 135
40 74
25 83
38 101
54 89
27 84
47 128
17 115
43 112
18 87
23 116
46 92
49 70
17 65
9 111
57 128
37 110
47 134
33 86
12 144
49 65
26 124
3 65
31 71
42 124
28 120
27 99
25 118
13 121
14 71
57 79
57 138
31 101
12 104
41 71
20 128
54 74
53 68
6 110
31 126
48 140
59 115
8 61
43 122
21 89
8 145
46 67
56 65
47 137
45 89
38 73
14 138
49 93
52 85
27 143
10 87
44 68
53 88
4 142
47 116
49 85
50 79
54 110
15 80
13 66
33 128
8 92
6 109
55 89
6 82
46 108
15 110
53 65
4 110
45 111
58 141
8 69
37 98
3 77
15 95
2 120
46 100
10 136
25 128
15 125
22 142
36 63
23 92
47 101
1 144
52 106
17 92
6 102
40 84
31 113
37 108
59 64
58 135
20 122
10 106
10 141
28 117
1 101
3 134
25 101
58 65
54 133
46 130
14 86
8 126
12 93
51 63
46 136
43 110
24 121
29 102
10 63
31 125
56 112
34 78
56 101
9 99
55 73
35 126
57 117
44 132
26 87
19 135
45 101
51 109
10 110
5 93
35 67
37 137
7 75
9 116
32 89
29 95
28 142
43 71
13 129
44 138
21 142
48 128
1 145
1 68
50 108
26 80
57 108
25 98
13 140
26 97
59 99
30 134
1 76
46 128
49 104
35 61
3 96
3 75
56 94
47 128
25 124
54 131
38 106
20 132
38 123
20 96
30 67
16 74
6 123
28 61
44 67
14 82
6 90
56 74
2 139
32 145
8 63
32 108
20 138
18 129
6 116
36 84
3 121
59 114
35 141
56 68
13 63
14 117
14 84
40 72
28 78
32 120
58 81
36 139
39 93
15 96
8 84
16 112
40 108
5 116
26 120
48 86
11 121
29 65
24 74
42 145
59 80
5 143
59 90
49 90
41 85
3 131
42 94
35 90
8 104
50 137
10 64
32 116
31 141
14 137
9 83
56 101
47 89
56 133
26 75
36 92
28 125
43 132
10 140
6 109
17 137
59 128
44 116
25 98
24 71
51 146
3 142
19 71
46 130
8 95
6 98
22 74
5 65
52 142
29 125
23 138
6 137
58 66
27 139
38 123
17 78
35 136
16 98
39 101
48 71
21 94
38 86
27 82
59 94
49 61
3 131
41 126
29 108
24 135
17 128
15 107
45 83
5 66
35 76
2 95
46 108
29 144
32 105
24 77
33 127
52 82
12 121
42 106
37 127
13 86
35 70
42 86
41 109
50 127
46 100
58 101
21 87
11 81
48 89
1 139
44 96
29 77
56 94
59 116
45 90
44 132
7 82
47 67
54 81
6 140
1 128
51 88
4 65
39 94
57 76
58 89
55 63
4 100
52 76
57 103
55 75
51 146
25 62
4 62
6 60
37 124
31 126
20 106
33 145
1 110
26 94
1 126
58 79
34 115
11 70
29 139
49 125
24 115
42 78
1 79
49 143
11 133
4 112
28 123
12 74
47 88
7 123
31 73
26 97
9 116
51 75
29 93
40 92
32 84
20 88
55 102
4 134
52 108
17 90
15 112
3 104
28 139
27 133
43 74
58 112
39 76
20 69
8 63
45 82
25 106
29 71
34 92
47 81
9 134
21 107
4 131
40 98
2 74
23 117
32 73
57 140
44 78
25 82
40 124
42 63
21 142
9 85
37 121
44 133
13 125
55 109
46 123
56 82
17 67
59 130
18 75
52 91
22 67
54 71
23 67
29 145
35 72
56 137
17 121
9 84
50 142
13 125
43 123
27 100
33 82
22 138
49 140
29 66
42 78
28 127
14 80
41 128
20 95
39 143
56 141
32 143
57 100
38 74
4 137
5 89
43 89
1 90
33 103
54 133
16 142
31 119
12 129
52 66
34 67
30 145
47 89
33 139
39 95
2 101
38 116
49 97
49 116
15 96
3 145
43 135
53 124
29 86
34 95
30 142
36 128
19 88
40 104
58 139
57 105
28 131
19 69
59 67
6 103
36 107
40 77
1 139
13 145
26 133
4 144
53 92
8 112
41 77
41 66
36 87
5 110
22 110
52 66
34 140
40 87
36 94
27 82
25 136
47 133
12 100
2 133
31 73
47 79
51 91
11 90
50 119
56 64
24 110
53 123
29 114
28 98
45 129
52 115
3 141
34 99
15 96
53 88
45 85
21 119
51 93
36 63
56 121
29 68
37 82
38 78
57 73
34 118
13 99
30 139
18 120
36 84
39 108
23 130
52 120
10 128
10 66
14 129
40 115
8 79
31 103
2 66
30 143
24 91
56 136
55 78
55 119
10 77
28 78
35 87
27 64
57 141
11 64
22 120
32 81
44 143
44 121
1 75
22 120
20 121
27 72
48 104
44 83
15 97
23 109
21 82
57 110
12 142
35 71
37 100
29 70
4 76
57 110
26 101
51 105
53 128
44 105
40 117
53 143
35 103
42 116
42 119
37 64
4 114
25 120
37 104
3 97
50 130
6 133
46 77
51 68
48 99
21 66
41 141
49 133
31 121
40 66
33 123
53 125
34 129
58 106
5 116
35 133
10 68
14 107
58 87
42 89
55 138
38 70
40 86
7 76
52 83
37 77
41 76
47 71
38 146
7 69
56 85
49 104
40 115
3 131
25 68
3 111
26 146
13 73
31 125
34 121
19 103
2 120
7 105
26 108
8 129
30 113
2 86
35 128
33 125
52 95
46 80
14 72
54 110
50 70
45 110
11 68
23 64
38 145
54 137
15 99
30 94
14 102
37 75
46 82
35 97
13 135
9 92
57 93
5 83
7 83
59 72
26 101
50 109
7 123
2 76
43 111
45 93
48 91
13 97
48 87
17 119
22 110
17 80
59 116
1 117
36 138
5 131
40 74
11 66
49 70
26 83
19 101
4 120
7 146
12 111
37 139
7 76
53 104
13 78
1 95
55 92
9 89
43 61
25 122
14 85
5 74
47 119
9 78
42 87
28 124
26 84
39 71
16 60
30 67
13 119
48 113
3 62
43 140
30 101
25 102
36 141
1 94
36 91
28 60
58 107
57 70
58 63
15 144
58 77
8 115
2 127
29 103
42 145
57 143
25 82
36 63
27 68
57 110
38 138
49 60
52 125
56 100
2 135
16 80
9 108
30 115
49 137
13 124
12 135
28 79
9 135
45 71
19 134
4 112
31 143
3 133
24 138
6 61
9 87
38 112
40 130
13 126
28 136
7 81
35 97
17 121
27 123
24 123
14 120
29 111
41 72
31 118
53 67
57 104
12 96
25 143
26 100
47 137
51 137
25 127
52 120
2 137
17 122
8 81
4 67
24 76
29 129
42 74
2 61
29 105
43 77
13 118
13 116
13 126
54 124
13 109
27 127
10 130
44 116
52 120
10 74
9 134
20 112
22 131
51 100
37 134
18 87
16 118
34 138
37 113
30 117
9 66
2 65
18 117
17 66
28 137
53 103
42 112
1 86
59 122
35 104
5 130
32 132
10 64
27 122
24 136
52 76
45 144
42 91
55 76
40 137
2 77
10 80
15 116
17 111
22 127
12 85
27 133
8 130
23 66
19 61
44 102
45 81
4 93
55 72
4 115
44 62
1 74
24 88
45 145
39 110
46 92
47 116
28 120
37 60
9 136
10 117
26 140
7 93
12 91
15 79
59 99
57 64
33 106
38 119
39 138
56 91
25 73
38 123
31 132
2 136
8 74
26 143
39 76
13 112
15 97
39 101
59 109
50 138
18 106
1 105
41 129
38 120
47 110
47 93
22 60
46 135
8 64
27 131
37 101
31 133
9 88
28 123
19 72
35 112
37 142
52 104
42 111
16 128
30 142
48 105
58 126
12 73
40 84
7 137
54 101
37 97
21 142
30 79
28 76
2 71
35 125
5 114
5 100
46 70
52 129
14 146
57 109
40 77
11 63
5 101
22 123
41 93
39 66
38 138
43 105
51 130
56 65
5 73
27 61
25 133
45 129
58 69
54 61
36 139
10 97
57 114
58 88
48 95
42 116
24 85
11 80
14 64
24 79
40 132
14 98
41 77
37 77
18 67
12 139
52 73
51 94
31 145
59 137
42 138
6 131
46 68
9 104
46 79
30 100
23 121
25 68
20 127
21 91
24 112
50 138
26 101
47 62
18 115
3 102
32 79
19 110
24 78
54 99
31 94
58 126
43 127
42 135
56 125
4 79
16 115
27 72
16 102
49 113
10 114
45 72
45 74
22 70
10 146
24 88
26 92
24 94
58 133
53 101
48 101
36 110
12 130
50 65
25 72
18 91
22 126
34 146
37 132
55 73
26 99
32 111
27 108
51 70
19 61
26 77
2 134
20 65
53 106
39 73
12 63
4 108
30 69
21 65
54 93
37 108
11 86
4 139
2 101
59 104
45 63
23 127
34 137
7 129
23 131
41 76
58 135
28 70
30 71
20 106
48 86
46 126
9 112
16 67
51 138
18 120
12 124
36 136
51 112
7 72
39 96
23 65
11 82
13 68
17 90
47 102
58 95
10 89
44 66
54 103
4 94
47 63
55 145
33 85
37 115
47 113
50 124
13 139
15 85
14 62
55 139
35 74
19 140
45 70
16 73
57 146
17 101
13 88
36 137
31 90
56 65
20 85
54 80
35 63
9 113
15 63
2 121
47 144
26 122
57 63
15 85
19 60
45 122
59 110
37 95
33 142
40 81
49 93
3 119
47 83
51 62
36 66
34 113
30 137
54 121
55 114
3 143
35 124
12 61
27 92
19 121
21 125
14 145
15 117
43 81
15 82
24 110
26 111
41 75
13 91
27 104
29 134
33 60
18 87
10 88
51 67
25 92
24 93
44 63
19 64
4 127
39 138
42 123
7 81
27 118
11 97
1 92
35 144
50 111
51 123
8 108
34 114
22 64
25 108
10 103
26 92
51 67
41 107
8 112
8 141
32 94
9 111
21 84
54 92
29 138
13 66
55 64
37 71
13 89
52 79
20 106
5 112
57 67
47 128
27 89
55 114
8 112
46 104
9 78
12 84
17 77
45 63
32 100
46 136
43 106
18 106
43 117
53 140
59 90
29 123
21 130
1 138
35 146
36 69
30 105
43 129
31 63
27 129
7 73
8 89
26 146
48 126
4 121
48 91
47 69
27 113
34 74
48 76
13 79
33 132
46 111
39 139
42 90
8 67
57 72
38 107
50 93
30 128
9 111
49 128
54 117
58 114
53 61
38 63
41 88
31 135
46 127
17 121
51 95
46 126
21 132
59 145
23 97
8 140
38 73
54 110
38 113
23 123
8 106
56 85
38 60
52 65
59 102
24 80
46 75
48 141
15 144
47 91
16 102
2 68
13 119
51 94
39 84
22 96
24 89
40 77
15 63
55 119
11 133
29 116
11 63
26 135
18 144
41 143
28 90
19 121
28 127
16 86
34 117
39 96
50 121
5 140
2 72
38 83
17 112
21 89
24 113
27 121
11 145
44 131
51 127
45 115
12 92
34 86
59 130
58 82
4 110
29 106
19 126
8 72
23 82
7 103
29 86
54 92
59 127
14 139
58 134
6 61
17 129
31 74
3 68
26 120
55 87
46 104
20 64
23 131
46 112
21 112
39 99
26 126
22 138
58 60
12 97
53 102
14 125
58 109
37 80
46 117
33 79
20 139
6 133
45 64
35 105
49 106
28 78
29 105
7 72
41 124
7 146
54 104
28 77
32 124
57 146
33 110
41 90
24 146
10 113
12 96
52 75
31 124
51 144
4 136
34 127
12 144
41 124
43 68
59 137
51 94
40 99
42 125
49 123
11 134
39 109
54 60
52 69
59 82
55 72
16 136
17 114
50 124
1 134
30 100
44 79
43 125
54 70
59 62
35 96
32 125
50 114
16 99
32 142
28 135
53 111
30 70
3 145
51 136
20 82
51 143
39 81
38 79
49 98
45 94
58 78
41 78
46 85
14 106
26 81
54 110
9 71
17 63
33 125
59 73
50 104
56 74
43 126
47 128
51 112
59 94
20 75
55 131
14 136
25 81
24 116
21 143
51 112
38 112
8 138
30 129
33 107
11 132
26 137
29 78
27 129
51 124
45 70
50 129
56 60
38 128
20 124
56 124
31 135
29 110
57 124
33 140
33 87
21 80
55 126
33 132
35 79
19 117
9 79
44 105
37 81
28 108
59 108
57 128
59 129
40 89
52 141
46 74
19 104
53 133
9 110
4 131
1 130
58 83
39 85
52 76
9 114
9 93
46 127
11 83
32 120
42 123
47 131
57 115
18 65
23 144
57 103
29 108
26 126
26 74
20 108
44 80
40 76
17 122
9 96
51 96
41 68
28 130
38 99
48 94
17 121
17 99
2 123
54 79
17 65
40 103
39 76
34 107
38 79
28 131
27 134
35 96
23 87
16 126
3 77
15 112
14 70
12 116
19 75
36 81
12 114
6 111
21 128
7 139
18 131
23 70
14 103
51 79
32 116
13 122
17 101
37 86
36 95
57 98
2 98
17 135
55 76
19 140
37 109
48 91
48 123
15 84
20 72
27 123
11 95
48 110
26 95
30 121
18 139
48 108
37 98
1 77
37 88
45 79
19 77
23 117
45 120
30 98
50 106
53 141
54 146
11 103
43 127
59 84
32 100
24 139
38 129
32 108
19 128
27 120
31 142
54 75
44 102
47 89
19 132
33 98
6 64
27 97
56 91
41 80
17 74
23 87
36 104
54 126
6 82
35 124
14 71
33 67
21 110
34 98
20 74
45 85
3 88
34 108
25 90
8 98
49 102
38 61
46 81
53 100
55 71
26 116
38 125
11 132
14 71
7 132
46 65
33 67
14 108
51 135
52 81
19 130
7 84
35 135
39 117
58 107
57 134
38 73
38 134
33 84
41 116
17 69
32 94
37 116
4 74
27 143
31 82
23 107
9 121
31 77
56 103
56 120
30 76
49 142
9 101
34 134
44 117
32 118
36 93
26 83
10 84
8 105
1 113
22 146
32 87
31 77
29 130
40 104
1 111
4 71
32 90
11 133
45 95
59 73
36 111
41 70
26 64
50 70
52 108
12 64
50 60
39 81
42 61
20 94
43 79
59 67
42 108
8 124
4 66
42 121
48 84
16 75
1 113
31 82
53 121
56 125
33 91
39 112
30 137
3 146
59 139
19 87
42 136
11 105
44 141
23 86
57 64
30 120
18 105
34 131
39 87
31 90
34 143
34 114
40 135
12 126
21 132
28 109
53 72
27 92
15 116
42 129
3 81
39 64
32 139
33 61
17 62
24 86
16 100
20 145
3 70
18 145
18 109
33 63
54 72
43 115
59 100
37 109
8 102
52 132
17 124
50 128
5 106
33 139
28 131
14 69
16 130
36 135
5 117
16 136
36 92
33 138
7 67
23 75
55 102
2 127
39 135
27 62
52 73
51 145
17 93
36 146
53 102
46 126
16 90
28 116
18 90
57 109
44 129
57 60
34 108
55 106
56 82
10 94
54 114
52 104
12 131
33 129
30 144
29 137
2 84
40 75
46 118
39 77
43 118
51 61
6 70
1 81
46 131
58 134
53 87
18 89
41 103
59 139
22 133
38 115
6 92
58 100
30 106
41 114
18 123
11 146
59 112
19 138
43 81
6 100
24 85
43 78
21 132
6 76
10 94
42 83
18 146
18 87
19 107
48 126
15 64
7 108
47 123
40 91
44 75
32 99
26 63
48 116
7 79
47 62
29 132
37 82
42 98
45 127
25 146
26 133
54 96
23 106
16 85
31 86
9 112
32 118
40 112
36 99
44 99
24 62
8 133
14 77
52 93
4 67
12 129
56 102
47 140
43 87
40 127
57 60
23 108
6 94
52 104
47 77
39 86
53 87
45 62
29 113
55 141
22 145
18 144
35 138
54 91
30 121
53 144
1 132
40 102
15 100
36 139
47 62
43 110
26 131
42 67
17 100
34 99
58 63
39 75
45 103
7 109
28 130
43 95
58 65
47 123
26 108
44 90
55 110
55 128
11 122
47 90
22 86
28 119
27 90
4 131
41 75
8 92
1 134
33 87
18 102
51 68
55 110
21 115
48 90
35 126
7 86
1 106
14 106
24 66
56 84
54 135
12 119
41 114
54 84
38 105
41 97
56 119
32 109
12 63
23 62
24 126
35 104
18 122
39 119
45 126
35 141
7 129
32 145
40 111
42 92
32 86
36 93
42 87
21 126
43 70
53 104
3 84
59 144
23 85
55 108
25 80
34 89
36 145
32 106
31 99
25 82
13 140
46 60
8 99
49 144
47 131
5 134
55 142
44 145
5 65
28 64
29 146
14 62
24 107
52 90
59 133
3 110
30 87
4 135
35 88
24 126
18 66
35 116
47 89
37 110
52 129
56 117
46 106
33 63
55 144
9 141
51 63
21 81
54 128
37 62
57 95
36 61
39 138
12 146
46 126
48 125
5 143
34 63
6 69
43 84
8 94
16 87
49 144
58 111
35 90
54 63
44 85
17 118
8 140
32 133
34 133
21 113
51 96
41 119
46 81
31 78
10 87
16 63
43 117
19 73
55 144
53 62
31 108
20 113
22 75
24 90
46 110
27 101
5 119
6 113
18 109
56 66
26 83
28 76
23 97
12 93
1 120
39 82
30 70
51 79
32 61
29 104
24 90
18 75
24 143
56 96
32 89
58 118
39 101
53 91
57 87
3 76
57 142
34 138
59 84
56 63
16 133
44 133
1 132
10 66
47 73
26 68
31 102
2 60
56 103
40 90
36 123
17 90
32 97
8 83
54 89
42 130
12 95
27 68
53 71
28 120
50 74
21 145
10 122
19 111
53 140
5 69
35 91
8 106
58 142
43 107
53 82
51 104
4 72
38 129
53 142
15 132
14 142
42 100
27 146
3 128
10 121
37 101
8 118
4 105
58 78
51 129
55 96
19 137
27 74
36 62
51 63
44 89
40 129
15 78
2 89
27 73
27 69
22 100
49 66
55 64
29 65
21 77
59 75
48 113
46 141
7 97
44 109
13 92
8 90
17 120
55 73
10 94
31 74
29 112
15 94
57 86
5 119
5 135
11 142
17 132
21 85
32 68
52 119
19 107
2 83
8 139
10 133
1 101
59 104
27 82
42 98
49 116
15 106
6 125
11 68
50 141
41 68
16 91
33 77
7 90
52 140
5 125
29 69
25 75
22 135
25 63
50 66
37 119
40 77
31 83
1 95
4 95
49 107
26 122
24 85
52 126
58 146
19 138
58 99
40 98
43 111
17 119
41 131
23 74
33 76
45 124
28 91
53 63
13 76
28 134
25 135
41 119
11 111
42 113
7 145
59 68
53 96
13 74
13 77
24 123
54 96
47 117
5 63
16 63
57 142
31 146
22 69
15 127
54 97
27 145
18 131
16 73
53 100
8 111
33 103
58 130
1 104
14 66
9 116
46 75
37 68
26 132
57 112
1 117
4 84
3 142
20 76
21 104
26 132
24 117
1 81
48 99
13 122
2 102
18 118
46 96
39 81
44 118
15 146
42 95
49 86
43 112
43 137
29 73
51 85
45 133
24 99
57 73
30 90
15 143
59 88
26 112
56 62
54 141
17 136
12 82
38 140
8 118
22 104
36 94
48 90
58 133
31 64
23 141
43 96
28 127
44 75
21 120
24 99
55 79
37 108
50 122
9 120
8 85
7 142
57 84
44 133
1 112
46 121
56 60
48 108
8 88
30 127
42 79
15 105
37 94
22 93
18 96
54 129
3 130
32 67
51 67
45 144
16 98
37 66
59 74
17 134
37 111
43 94
18 109
44 113
59 95
17 62
33 136
30 64
52 129
49 79
58 87
52 141
40 93
35 135
39 143
47 144
37 62
5 90
8 142
46 71
56 130
57 134
41 127
35 125
35 116
16 87
15 140
18 117
17 129
37 100
3 136
36 91
55 145
31 78
47 131
42 131
50 144
14 84
27 87
27 101
59 114
32 90
45 70
32 63
14 63
47 142
42 107
28 66
1 116
1 92
54 93
34 68
57 127
38 121
10 82
41 128
15 133
15 60
14 139
20 90
56 83
46 124
45 97
33 143
42 90
27 130
42 72
39 125
21 61
7 139
24 102
29 61
37 82
24 115
59 132
54 81
24 100
5 140
47 84
7 66
41 93
17 139
37 67
40 140
41 141
54 119
7 102
43 101
4 62
19 82
35 90
8 92
16 132
46 119
56 107
15 115
58 69
33 65
15 88
2 71
47 117
17 75
39 107
31 129
26 132
6 116
19 88
17 95
29 127
38 131
12 119
19 100
19 74
35 117
39 85
22 76
35 133
58 76
22 70
54 93
7 105
24 135
8 82
33 91
8 134
27 131
5 140
32 66
41 144
46 131
17 128
35 60
18 86
11 139
27 79
4 80
58 131
1 90
1 123
35 142
49 105
9 137
58 90
46 122
16 134
33 143
10 140
3 126
39 127
22 112
51 66
44 97
12 85
6 80
16 142
17 141
1 94
47 110
41 81
45 143
3 86
45 110
59 111
34 125
30 126
47 69
47 61
4 66
17 61
58 91
18 107
44 61
41 139
47 103
24 68
27 65
13 91
48 134
59 79
2 137
35 120
16 89
27 146
14 138
25 87
32 105
26 96
12 91
58 124
9 103
17 138
30 143
48 77
51 83
16 128
32 70
56 129
9 82
48 94
44 94
32 82
58 140
29 84
19 95
4 124
37 83
10 103
15 143
10 108
24 119
4 70
18 94
34 131
34 72
29 103
43 92
12 78
7 101
12 60
34 89
39 141
42 65
1 110
47 66
33 119
19 119
41 74
32 126
29 128
36 113
28 96
31 146
44 119
6 63
35 65
56 113
34 80
27 135
17 94
32 114
45 60
12 103
13 133
33 107
53 71
6 65
24 75
23 126
1 117
35 106
13 64
52 97
21 90
5 92
21 119
11 86
50 131
51 124
43 72
30 98
3 78
14 70
41 82
25 81
42 95
28 140
53 126
50 121
13 108
44 144
41 121
14 106
47 115
1 116
56 143
47 75
56 106
45 132
56 61
45 90
52 84
56 74
2 136
57 87
19 144
35 116
6 137
27 61
6 92
9 110
58 97
18 106
51 74
58 86
2 120
36 144
50 110
23 80
14 105
39 76
39 139
52 105
48 82
40 77
10 85
18 74
33 97
20 137
48 87
21 80
11 86
2 90
17 93
42 131
42 71
9 85
1 104
51 89
52 81
2 104
15 63
29 127
56 128
40 122
52 66
53 124
2 101
57 103
20 119
59 109
41 77
34 79
26 70
21 134
33 139
48 129
59 77
17 96
30 129
33 76
52 92
46 83
14 117
9 64
39 143
29 81
24 71
52 143
53 142
4 110
41 70
26 103
43 78
10 101
10 85
28 97
8 92
20 88
3 69
1 118
48 78
58 106
30 109
52 77
2 63
19 115
56 141
34 101
13 115
26 65
41 144
9 85
15 119
50 123
9 62
17 123
28 143
49 136
35 81
14 143
26 116
58 107
47 137
43 115
48 112
30 112
10 122
37 60
22 132
21 60
36 63
39 107
49 84
7 94
21 103
31 86
13 107
5 132
18 99
16 71
34 69
10 132
59 79
43 128
54 101
51 89
41 63
22 80
44 93
19 76
1 72
40 113
7 118
22 123
21 82
26 139
36 143
10 141
30 95
35 106
26 107
42 85
52 120
50 79
25 63
50 127
4 102
23 116
49 71
12 99
39 125
53 109
21 105
22 95
17 127
59 132
21 65
14 130
16 114
48 109
57 75
29 145
8 126
55 134
23 86
38 112
51 80
59 90
58 60
51 95
41 134
9 120
50 85
16 129
34 107
37 128
22 113
9 114
20 119
3 63
40 145
45 70
19 142
7 142
20 69
49 101
40 78
56 91
9 118
15 79
16 126
43 142
33 119
56 84
43 101
46 117
6 111
21 116
5 138
32 85
11 126
26 105
39 128
54 78
51 73
33 124
29 122
22 144
43 133
7 135
11 140
46 112
10 116
33 134
18 117
9 129
47 97
38 68
13 70
16 137
48 81
20 145
8 94
7 116
35 103
14 114
37 142
35 61
43 107
7 63
16 112
54 127
20 61
40 71
55 110
38 71
1 82
28 146
54 87
32 108
25 135
29 131
7 61
33 129
18 111
39 83
32 120
38 142
6 121
46 82
37 65
57 145
42 93
47 103
34 104
18 81
31 145
33 124
58 102
9 76
44 135
15 140
49 122
49 96
16 99
10 68
17 145
12 76
55 89
7 75
50 101
5 85
19 101
43 63
8 74
15 68
57 61
51 92
4 116
13 80
32 102
34 146
55 115
21 74
32 119
2 73
40 119
5 115
47 97
36 66
5 68
37 73
13 77
37 125
59 143
45 81
30 102
17 112
23 99
6 95
22 75
47 103
23 117
29 112
46 101
48 132
32 105
27 86
51 99
13 103
34 119
55 135
16 60
58 118
5 96
47 91
42 97
43 121
56 137
11 129
14 70
26 94
15 100
59 107
23 142
54 123
56 120
36 82
40 73
39 108
39 92
49 76
22 109
38 135
31 86
17 81
37 119
13 133
57 78
47 107
54 95
19 112
41 62
58 114
12 131
42 118
54 146
38 94
17 137
54 77
39 66
35 143
8 123
9 77
47 78
25 90
20 95
23 143
45 83
3 74
30 74
50 126
44 132
18 138
4 109
53 76
9 134
45 115
14 139
17 141
18 126
29 115
27 94
27 60
8 134
4 65
41 73
56 115
21 140
14 106
39 114
53 123
56 135
4 92
19 136
10 107
37 119
54 131
55 146
57 85
1 97
57 139
49 114
39 70
26 79
36 109
41 115
20 62
16 99
28 136
28 88
30 70
33 146
47 89
9 114
11 122
9 95
45 117
26 139
48 87
49 131
31 86
31 143
51 90
52 108
34 115
17 135
47 77
25 80
58 113
14 146
53 77
45 103
26 110
56 138
17 99
1 116
16 87
47 105
36 142
58 109
51 95
15 61
51 146
38 67
17 99
58 109
13 91
26 76
21 114
10 144
50 121
5 135
15 140
40 69
55 99
57 126
15 61
24 122
52 117
21 130
3 63
29 68
51 105
58 136
36 99
55 92
8 146
52 133
8 97
1 89
4 77
16 113
54 143
15 73
46 130
34 104
15 131
35 71
19 143
37 69
13 124
12 137
34 134
43 63
22 138
47 63
41 73
28 97
28 124
48 90
41 146
51 128
28 62
23 62
44 122
45 113
39 106
4 100
45 110
6 107
21 63
52 133
46 117
2 95
28 112
37 77
39 76
38 98
37 76
33 126
21 101
48 117
16 138
30 81
1 69
54 138
16 106
52 145
40 70
33 76
36 96
53 127
29 119
42 101
39 138
47 71
15 141
50 93
58 107
24 79
36 124
4 134
46 71
14 103
4 140
52 92
6 129
47 86
33 69
4 64
20 124
32 121
19 78
51 68
50 139
9 80
47 72
52 62
36 115
24 112
4 102
37 119
1 116
10 85
46 128
44 105
7 86
33 64
12 119
54 111
23 129
15 90
12 61
40 105
21 71
38 121
37 78
40 88
17 113
32 86
14 99
9 130
54 109
53 99
6 103
15 109
29 86
8 98
57 63
45 116
2 69
46 127
22 82
27 131
3 89
36 106
34 129
43 144
16 103
44 132
56 70
20 137
24 113
4 111
59 140
28 139
44 94
41 138
12 127
27 65
20 130
54 114
46 78
54 138
38 130
54 105
3 91
49 145
57 79
30 66
23 69
34 90
13 134
39 98
47 79
42 138
51 66
8 130
58 128
8 68
5 101
14 71
42 121
35 123
5 119
44 117
33 117
22 73
52 145
34 106
48 102
17 62
22 73
27 99
31 146
50 103
30 112
32 97
40 64
41 106
44 78
15 121
52 65
38 95
34 122
28 108
51 69
52 139
26 100
21 70
38 110
42 141
8 78
27 91
12 83
15 124
34 120
43 87
29 125
9 87
37 111
54 92
4 85
10 116
42 94
25 79
57 121
23 65
58 124
26 62
22 141
6 98
14 66
26 106
53 110
26 91
58 141
18 91
44 114
39 128
8 126
10 95
4 139
54 127
45 144
54 130
16 116
46 116
5 143
56 137
33 93
28 129
6 116
13 103
23 122
1 125
27 144
46 127
28 117
47 71
25 92
35 103
57 146
8 137
6 88
16 72
16 93
51 100
51 123
7 103
23 133
10 72
41 77
33 117
16 137
54 117
23 124
3 74
51 144
20 75
57 131
12 104
59 128
45 119
11 129
22 90
31 61
47 125
55 113
9 81
41 72
55 132
43 84
2 62
29 106
2 66
33 73
36 68
51 71
45 145
53 112
25 105
33 77
27 140
29 94
3 77
21 117
8 109
9 73
21 73
58 64
47 62
27 87
39 106
32 67
39 124
2 74
17 120
44 68
38 131
36 125
42 125
48 123
27 117
27 81
56 99
11 136
31 110
51 65
2 82
28 108
4 131
6 103
48 65
11 66
16 70
53 111
2 115
21 145
58 71
4 131
15 126
33 94
32 135
16 96
54 88
3 136
34 119
27 93
48 145
25 105
30 62
3 102
29 129
52 122
2 132
52 127
59 89
3 119
12 79
25 78
37 137
13 89
12 80
44 141
10 92
3 78
4 86
39 63
1 86
23 86
41 65
38 94
38 89
49 129
50 70
16 73
43 145
39 146
10 83
2 80
16 115
58 78
42 76
7 137
3 104
52 65
54 97
34 142
55 70
11 109
48 80
30 98
20 105
39 74
30 127
15 71
27 93
5 117
11 130
31 119
58 76
5 123
36 117
54 132
21 81
44 127
51 98
11 136
40 80
13 142
15 110
12 66
8 124
23 90
3 68
46 66
39 61
40 61
44 60
13 144
38 124
8 139
57 102
-1 -1
40 37
2 54
35 62
5 41
6 69
39 41
38 61
25 75
6 72
19 49
10 54
28 47
39 62
17 51
2 42
16 43
19 74
5 46
3 60
5 67
29 61
9 51
17 58
13 72
14 70
18 46
1 46
16 77
17 67
8 70
13 64
9 51
16 55
33 63
11 63
7 57
12 70
14 43
22 58
29 65
1 76
37 51
27 44
10 67
31 51
30 47
5 50
18 70
26 69
14 48
10 75
27 54
3 60
22 65
28 45
16 54
37 69
21 51
17 44
10 58
17 67
26 44
27 62
18 74
35 46
27 52
24 56
16 44
35 61
1 51
11 70
32 53
37 47
26 65
26 54
23 55
32 43
21 44
14 77
34 45
18 44
33 45
38 68
8 58
3 72
31 68
28 72
11 61
30 47
35 71
14 68
27 53
12 62
24 63
38 72
2 54
24 62
9 52
3 51
25 73
35 76
24 63
30 55
34 66
2 48
26 76
14 61
12 59
27 70
24 49
12 68
34 65
12 49
24 58
39 76
12 59
12 55
11 74
17 44
21 44
8 56
5 57
32 70
27 76
15 60
32 54
15 76
18 71
6 65
1 65
11 43
33 75
5 61
9 53
38 50
35 55
32 59
13 59
15 69
32 57
7 58
31 65
31 49
17 75
15 44
19 58
37 50
24 58
14 47
10 62
36 64
22 45
35 66
2 49
8 50
34 41
4 63
20 47
37 42
1 60
37 48
5 49
16 64
8 48
16 72
30 55
27 46
28 48
24 77
4 60
21 42
27 75
13 61
32 52
16 77
24 63
35 41
8 62
33 60
11 74
2 44
21 56
20 67
22 44
7 71
11 50
5 58
17 69
10 71
27 68
24 53
31 57
14 46
20 76
2 48
39 44
28 56
38 44
37 68
20 60
17 60
14 46
17 60
37 69
27 57
13 75
13 51
22 72
32 58
17 52
34 55
37 74
31 60
34 71
33 67
5 74
5 74
6 47
39 56
39 72
1 72
14 60
8 64
4 63
40 59
15 42
17 52
12 60
2 70
9 64
13 71
11 76
3 71
11 62
9 74
22 41
35 41
29 41
24 66
2 65
22 51
37 74
8 61
30 59
13 68
27 56
19 72
20 60
27 71
21 45
15 70
20 53
9 67
20 60
30 48
9 70
35 43
20 48
14 45
17 41
33 50
32 71
2 69
25 66
22 53
20 69
15 41
23 52
36 73
1 44
25 51
7 72
6 72
12 57
36 72
31 63
4 43
39 65
10 46
10 62
3 43
39 58
27 72
24 71
3 57
13 72
17 70
28 47
7 70
37 75
32 62
30 68
24 50
10 66
20 64
7 53
11 54
7 44
35 70
7 45
14 59
23 52
22 46
2 48
7 52
23 48
4 53
30 46
5 68
15 45
15 63
23 55
13 67
4 62
37 66
12 63
14 51
33 62
1 42
16 48
29 67
25 63
15 59
1 50
26 70
7 57
36 71
20 52
17 55
38 46
19 70
15 73
2 65
1 70
25 42
21 68
17 44
5 51
10 73
30 67
23 47
9 42
33 72
4 73
15 42
13 72
5 60
15 52
18 43
40 59
14 53
26 57
4 48
25 41
12 70
4 44
12 51
23 46
32 54
8 62
24 68
25 74
1 55
21 50
31 72
6 71
1 43
39 49
13 63
6 75
5 75
36 41
18 48
31 51
1 72
40 67
11 69
25 64
1 71
25 77
31 64
35 51
1 53
35 66
36 41
35 61
22 65
22 41
8 43
19 63
10 41
11 53
32 64
14 66
36 75
11 42
5 66
23 67
38 66
40 44
25 69
34 63
6 62
33 71
6 60
1 63
21 50
35 70
16 69
16 68
3 57
34 51
30 70
33 66
9 70
20 47
21 68
25 54
29 77
39 53
5 64
25 63
1 72
30 48
26 63
31 68
21 62
40 47
36 41
18 44
33 66
32 45
7 71
25 63
11 50
30 50
20 57
13 43
39 66
37 71
22 45
10 45
2 73
3 58
14 56
18 70
14 63
20 65
8 47
10 71
1 49
15 58
11 62
35 49
6 48
40 48
5 74
27 70
10 68
28 50
4 49
17 54
24 44
16 67
30 67
20 62
38 71
18 45
3 75
29 52
6 59
30 52
30 45
32 75
6 76
3 47
23 52
7 69
8 49
12 54
27 61
15 44
3 42
7 43
11 77
25 51
8 61
1 43
33 72
10 57
37 44
24 59
14 71
11 59
29 44
39 50
31 72
34 49
6 76
6 45
11 61
16 44
18 63
15 68
14 57
33 70
7 69
18 72
2 68
31 59
40 51
2 43
40 54
30 48
1 60
14 47
3 63
9 62
14 74
33 49
38 60
4 42
13 58
10 56
9 70
33 57
8 55
5 48
8 64
35 49
4 75
16 56
4 55
30 45
20 44
31 49
40 54
29 49
22 52
9 76
21 45
18 61
21 47
8 55
7 50
9 64
29 52
12 59
21 47
37 74
3 64
33 66
37 77
10 45
18 62
21 41
29 77
1 73
15 57
19 50
11 48
24 64
30 69
26 69
39 77
31 76
35 57
30 72
12 62
12 71
34 75
14 52
10 66
40 64
39 73
29 67
6 64
39 58
7 49
2 77
25 64
20 76
20 47
8 58
37 53
11 69
37 71
38 68
19 42
13 46
20 55
15 51
16 77
32 45
30 77
11 66
11 67
20 72
15 58
13 60
32 77
31 54
19 49
19 69
32 74
1 57
38 57
9 50
31 56
1 70
5 70
7 55
13 46
6 52
11 75
30 52
14 65
23 58
21 52
38 50
10 48
36 48
38 76
19 51
21 46
3 62
27 62
36 69
8 57
12 41
8 54
11 61
38 43
21 48
10 74
15 42
32 54
38 45
27 73
29 47
1 43
5 42
17 50
10 57
3 41
20 77
15 74
35 50
16 64
15 56
2 58
6 56
26 44
7 45
21 49
14 41
36 44
9 72
6 72
35 52
38 62
23 74
15 61
16 48
29 52
14 46
22 62
3 43
24 68
14 41
5 48
24 67
37 74
21 66
10 72
6 68
10 54
29 72
24 74
32 66
28 41
1 54
12 64
5 58
35 61
12 71
33 54
9 74
36 48
3 48
5 57
26 51
22 64
37 59
2 48
36 70
37 47
10 46
30 54
13 62
34 42
1 48
4 55
10 72
9 53
1 43
16 42
24 54
18 60
17 74
38 48
20 64
1 62
39 69
4 53
27 50
14 77
37 65
35 56
35 68
13 57
7 54
34 63
32 73
39 68
7 72
19 55
7 63
39 48
34 55
29 72
39 71
29 66
40 72
32 74
27 77
39 77
31 55
28 68
10 75
19 74
40 68
2 53
7 71
15 65
25 59
9 62
1 56
33 59
1 62
10 60
35 60
39 41
23 62
13 65
21 47
25 42
36 76
18 43
26 77
33 70
36 56
32 54
32 47
10 62
17 64
2 65
12 46
14 63
25 53
5 45
35 75
22 61
35 41
35 75
1 75
22 69
13 77
11 59
6 57
39 44
1 65
22 69
28 43
11 51
27 52
36 48
18 76
20 50
28 64
13 74
36 47
13 74
26 57
17 60
25 47
24 45
14 75
33 55
27 50
30 61
21 41
19 45
35 76
18 72
16 76
9 71
3 66
7 47
13 55
18 43
10 67
37 54
3 71
24 74
19 46
8 58
17 71
17 74
6 63
25 75
16 69
6 57
5 59
3 49
36 56
15 71
17 63
6 52
31 71
13 56
19 55
24 58
30 73
38 61
19 67
31 45
2 62
5 48
20 62
9 69
8 58
39 71
5 75
4 48
25 71
7 42
18 47
14 61
19 49
18 50
1 77
22 47
30 60
36 69
38 73
17 77
16 45
34 44
31 76
31 72
26 72
6 71
17 45
27 45
1 54
6 53
33 62
30 59
6 44
5 66
20 44
20 47
38 56
9 68
16 45
13 49
2 46
35 42
16 46
6 44
24 69
2 44
11 59
30 70
8 46
40 71
14 77
9 75
24 75
34 42
38 43
32 53
9 60
29 60
22 49
39 72
16 48
4 50
7 74
38 53
21 60
11 74
11 46
32 47
15 64
24 41
17 60
15 66
23 76
20 58
21 50
30 44
16 46
14 58
29 74
38 50
21 58
40 50
5 67
34 66
3 48
16 42
11 69
27 48
19 47
25 64
11 53
12 66
2 73
39 64
36 41
23 54
8 45
14 49
34 41
30 70
20 42
36 76
2 64
10 47
14 69
34 41
33 74
24 46
36 56
8 73
22 53
31 67
22 67
22 66
11 69
28 62
26 67
27 43
40 45
39 66
16 54
34 44
31 57
35 65
23 55
7 52
33 66
1 75
30 59
15 44
16 71
21 61
4 64
6 68
35 42
7 76
33 44
22 48
5 59
19 72
26 63
15 47
22 61
2 74
25 43
17 45
24 56
32 59
19 73
19 44
28 68
4 49
9 61
24 54
19 60
3 43
15 51
5 45
21 72
36 59
16 50
28 74
5 57
29 52
39 54
36 54
2 41
13 51
15 42
7 66
32 56
32 61
20 51
19 77
29 65
6 55
32 69
33 60
13 64
12 52
32 63
1 71
15 52
26 44
28 59
36 77
21 77
20 68
3 48
16 76
32 50
17 52
36 56
39 51
1 70
14 54
38 50
1 76
33 56
12 69
8 69
37 42
18 59
30 42
2 51
36 63
36 57
28 73
19 50
31 61
1 65
2 45
32 68
12 50
25 67
10 43
11 75
13 57
7 57
30 73
2 56
40 66
18 72
39 49
20 72
8 56
21 69
33 77
7 72
18 50
7 59
36 50
21 61
1 47
12 43
21 46
2 71
35 66
10 64
18 74
24 61
18 71
20 48
18 55
11 77
4 54
19 45
11 55
22 75
11 66
24 51
2 41
36 47
29 60
3 56
38 48
23 75
37 53
24 73
21 66
4 74
32 42
4 58
38 46
37 55
18 68
20 63
13 77
14 42
23 58
23 56
34 72
25 66
2 67
39 47
10 42
34 68
1 45
28 65
5 69
3 51
14 56
16 67
30 55
1 41
32 77
12 50
23 55
29 59
16 43
18 54
34 67
4 63
36 51
33 50
8 61
16 61
32 52
36 72
14 49
21 70
32 51
3 59
35 76
13 65
15 43
9 50
28 45
4 41
19 63
12 44
16 61
12 51
39 52
24 74
20 69
2 76
31 52
4 45
24 67
15 62
40 77
35 55
32 63
16 68
13 61
13 55
5 72
22 45
3 48
27 50
25 70
23 61
14 44
15 65
38 50
4 75
-1 -1
74 48
36 81
57 91
71 93
3 85
73 103
16 98
17 118
41 113
54 94
65 104
33 78
65 85
59 93
49 118
16 119
35 86
9 114
38 89
41 118
67 122
68 108
56 114
13 117
47 92
44 95
12 103
22 100
31 76
53 83
2 96
40 83
28 108
14 117
73 107
3 122
9 84
16 85
37 89
18 82
27 95
1 102
18 95
41 121
51 92
7 82
19 102
15 81
18 78
15 83
16 91
30 97
21 92
14 106
71 79
23 99
69 114
16 76
27 104
51 85
41 110
5 112
32 78
72 120
11 99
14 99
3 79
2 100
39 106
59 116
13 76
6 82
47 108
72 120
21 121
17 80
31 121
3 87
40 113
36 113
18 101
28 77
43 80
39 106
54 85
3 122
21 119
20 102
69 103
14 115
25 108
52 99
46 119
58 110
53 119
29 83
49 90
49 106
8 86
14 108
34 119
11 116
16 121
5 88
1 121
10 99
53 119
23 101
60 78
29 110
63 119
57 86
35 75
68 80
2 120
9 96
36 118
73 75
17 122
67 78
45 75
54 98
3 115
19 110
30 88
10 110
26 91
13 82
18 96
54 106
37 96
33 80
51 91
50 86
50 114
59 98
27 117
71 104
15 88
17 103
13 75
55 86
42 121
13 112
9 97
34 109
15 116
71 84
19 78
42 109
53 121
64 108
8 78
3 91
21 77
23 87
44 95
43 78
59 90
72 119
72 85
41 99
42 93
34 114
58 103
32 105
13 118
46 99
26 112
73 117
20 92
2 118
4 94
4 111
49 102
1 79
16 102
5 83
12 83
31 100
69 94
37 113
19 115
47 79
29 81
52 77
49 107
42 77
71 79
45 80
54 101
27 97
71 122
21 85
6 78
9 81
39 106
17 93
67 102
66 120
1 106
51 92
56 115
41 83
44 89
66 89
67 79
57 100
25 90
41 114
10 101
67 114
12 84
23 118
44 104
19 87
30 115
53 121
42 108
74 80
12 101
65 83
46 91
72 96
68 110
65 97
69 81
69 94
9 100
65 115
38 81
73 99
46 83
57 108
1 78
2 77
65 75
50 117
18 82
43 110
8 77
60 106
58 107
74 93
4 98
38 76
31 104
1 84
37 84
22 93
43 112
39 96
62 98
35 88
24 108
2 101
42 113
49 86
67 104
71 88
39 86
2 121
29 87
34 114
46 92
26 85
52 76
65 84
51 116
53 98
6 113
42 93
9 112
49 92
24 115
21 85
20 119
48 99
34 100
55 102
18 100
62 91
38 120
65 110
60 103
5 77
68 105
23 79
27 115
73 116
40 83
37 95
9 94
65 81
72 120
49 120
19 84
23 88
53 93
57 88
69 84
2 80
57 75
16 82
15 98
13 119
60 95
70 107
66 115
32 108
17 91
23 110
74 100
54 99
25 83
60 121
53 83
10 100
21 96
19 94
49 116
31 108
56 112
47 83
51 94
64 90
50 84
73 98
59 92
10 100
27 97
68 121
70 108
72 112
63 112
64 91
55 99
12 107
7 110
57 94
31 87
29 101
49 109
74 107
38 99
72 83
5 113
33 113
41 87
71 76
63 99
49 114
41 101
52 93
9 97
63 84
32 101
2 101
67 76
71 114
23 114
11 89
39 89
42 120
32 75
54 81
10 113
73 122
55 99
24 88
16 113
71 94
7 82
18 96
19 122
63 109
24 113
73 93
21 114
24 119
44 113
74 117
24 97
56 108
9 117
43 87
56 101
18 99
23 116
12 80
7 111
71 118
32 88
63 119
37 100
57 116
27 81
21 83
27 93
25 78
32 115
64 95
1 119
7 107
18 84
8 77
55 83
10 101
61 79
55 112
73 119
43 121
63 99
70 112
11 75
25 122
8 116
16 106
1 109
7 79
66 121
8 109
4 93
25 97
16 77
8 79
27 98
53 77
49 111
13 102
39 100
44 104
58 98
35 79
54 80
55 102
10 93
10 106
61 87
68 114
54 75
4 108
12 78
71 89
70 108
3 92
1 111
60 111
15 115
70 86
62 103
22 120
43 86
50 108
30 103
50 80
55 81
65 111
17 99
22 100
32 116
16 90
26 102
67 87
17 80
71 88
30 76
37 110
31 77
31 105
18 118
33 100
31 87
53 81
44 89
29 86
40 109
59 121
12 79
45 104
52 81
68 76
58 117
54 111
11 122
53 91
41 76
8 101
62 117
15 122
14 120
53 120
32 80
11 96
48 84
69 122
57 109
30 75
52 91
42 99
1 117
53 121
37 112
73 107
18 98
25 96
7 120
45 81
46 84
50 87
36 91
38 102
23 94
66 91
72 118
6 82
13 118
61 92
10 92
31 110
14 104
29 93
25 80
17 105
72 83
43 103
12 76
31 84
58 90
47 118
2 110
39 101
57 100
53 90
38 102
45 87
11 93
67 120
48 121
42 120
48 115
10 87
19 81
72 122
11 106
30 83
56 122
2 115
63 88
18 94
71 119
43 77
45 90
58 89
71 91
48 103
44 77
4 95
64 112
66 82
68 118
39 107
4 100
70 85
29 122
71 109
59 119
28 121
23 87
60 105
64 78
12 77
18 89
35 88
37 83
28 99
53 85
30 85
7 82
20 113
39 82
44 97
19 109
38 98
73 75
17 95
10 89
32 115
60 111
56 89
25 112
47 118
70 113
66 105
61 93
17 98
70 104
71 81
21 83
54 112
35 80
7 116
7 86
13 111
32 119
40 122
24 80
54 82
23 112
19 80
52 77
36 109
2 83
37 101
60 111
16 91
71 108
65 110
58 107
30 75
73 120
64 99
40 90
13 111
36 75
74 113
41 122
71 92
8 93
20 118
21 106
41 76
74 88
37 103
57 97
24 79
49 75
17 109
29 88
5 85
33 90
52 100
24 75
43 102
37 92
73 107
64 76
32 106
30 76
42 87
14 96
60 113
32 120
26 111
17 80
44 77
10 85
8 81
9 105
39 83
43 121
29 108
53 93
9 110
46 111
50 116
6 80
56 107
70 119
30 114
26 75
14 110
32 115
21 97
40 76
16 108
10 76
5 82
63 84
24 94
56 107
48 104
32 88
51 101
5 112
59 77
28 97
4 96
53 94
49 91
40 76
23 88
47 108
18 100
21 107
48 84
53 102
29 90
44 81
74 85
54 106
26 120
65 90
37 76
57 108
71 87
33 97
7 79
67 82
13 90
71 88
49 104
21 121
44 83
61 100
20 101
62 78
12 107
42 109
2 89
32 118
7 94
36 114
67 105
54 103
71 92
40 84
32 112
2 76
62 122
39 86
28 76
61 116
40 111
19 84
46 79
56 100
65 119
45 121
67 111
15 113
40 99
2 86
16 102
32 102
8 87
4 98
29 115
50 84
47 91
55 101
63 103
49 109
50 107
41 76
66 120
72 104
35 102
27 120
24 98
39 97
3 115
19 95
18 97
65 118
32 119
11 105
11 120
7 107
73 96
57 84
39 77
45 118
43 110
19 80
9 106
20 99
37 100
59 84
36 94
52 114
42 92
52 88
45 90
19 116
3 96
17 121
49 101
2 113
7 114
22 88
58 88
41 85
29 117
29 106
54 82
53 79
53 97
15 121
53 86
53 113
61 99
35 98
33 120
51 83
38 122
20 102
26 99
32 95
34 91
56 105
30 86
48 118
12 110
14 102
2 99
42 106
19 79
70 120
44 78
58 82
41 110
63 115
50 116
64 89
21 112
8 89
57 113
71 79
20 76
68 117
39 105
36 118
11 110
64 84
55 80
3 87
57 103
22 102
50 82
43 91
7 75
17 98
42 76
49 114
28 82
72 111
61 96
62 111
10 119
24 92
21 117
68 89
27 108
11 89
35 117
46 92
53 100
46 91
68 110
34 86
11 88
54 76
29 97
40 91
38 115
34 120
68 102
18 82
42 101
69 82
3 85
44 85
36 84
23 109
60 95
47 85
44 86
3 116
53 83
65 99
42 89
33 114
23 121
53 88
20 91
37 106
16 91
59 78
8 98
52 96
21 87
61 85
32 101
39 94
68 79
15 79
35 81
3 81
62 120
5 100
26 117
31 89
18 78
22 111
70 118
7 76
14 79
40 79
72 108
10 115
58 75
19 87
14 83
24 76
65 91
34 94
43 107
61 87
73 103
23 112
46 89
26 105
60 110
66 107
59 116
42 76
38 113
9 98
56 88
25 92
61 120
66 94
24 86
28 107
44 76
27 120
57 114
49 110
69 92
21 112
67 83
4 94
42 105
60 106
33 87
16 121
55 105
31 107
2 109
33 94
16 119
40 80
65 105
12 117
64 81
7 120
39 84
40 116
45 121
48 101
10 121
20 106
25 102
37 79
68 88
14 89
36 96
47 112
50 103
24 116
19 102
15 121
12 92
39 85
72 75
69 76
57 100
55 89
24 101
21 96
9 80
50 114
60 77
17 112
50 98
25 100
70 115
49 76
7 85
66 88
1 119
5 87
70 98
16 76
34 80
21 119
27 92
23 113
35 120
59 120
24 85
71 76
16 110
46 89
37 86
41 86
53 115
32 93
32 107
13 108
72 110
69 92
45 100
47 80
74 105
40 111
46 117
34 102
30 113
46 88
71 87
36 87
68 105
67 104
10 85
22 113
8 120
1 86
6 96
10 101
54 86
64 79
62 92
4 104
64 99
66 112
38 81
51 83
51 113
53 78
65 106
25 99
23 85
3 95
45 121
18 106
4 89
18 78
37 97
53 107
29 109
16 75
46 75
30 98
26 81
18 120
4 98
4 90
10 93
5 109
21 86
7 101
59 89
24 101
69 109
9 119
1 117
69 95
72 109
67 107
32 115
73 94
13 115
36 93
52 120
65 89
31 80
15 110
2 79
50 76
23 118
52 100
45 102
5 85
38 95
52 103
24 94
14 87
48 119
32 85
32 95
31 107
44 93
45 79
19 114
30 90
6 118
3 90
37 85
63 100
47 122
72 110
17 91
33 109
24 101
4 122
56 121
55 107
74 87
19 79
15 122
58 105
50 101
46 80
2 92
59 118
11 102
35 120
2 96
20 118
21 102
59 116
9 110
6 96
64 118
6 101
19 79
14 111
74 89
22 111
43 98
30 81
8 105
63 77
30 88
67 75
16 97
51 75
61 103
54 83
4 112
53 90
46 122
40 101
12 108
64 95
28 79
4 79
58 109
56 116
23 120
42 116
52 78
20 118
47 75
15 76
65 111
10 118
41 82
8 83
71 102
30 88
6 76
53 86
10 121
68 87
6 106
58 105
36 85
2 94
39 98
51 83
23 107
51 80
55 80
66 80
59 93
46 98
43 80
63 94
8 118
47 108
11 101
15 113
47 111
29 108
22 101
72 80
37 90
1 98
9 106
47 118
37 107
5 100
46 99
38 97
22 90
39 92
56 113
18 118
15 99
9 85
17 107
38 75
36 118
51 82
19 90
15 91
26 120
64 104
43 78
32 86
28 79
12 79
72 119
50 78
49 90
9 100
74 76
27 107
40 103
21 121
54 88
46 104
21 122
69 100
49 120
69 116
43 77
19 92
40 94
25 82
13 90
1 80
40 97
6 121
54 99
34 95
58 122
2 117
33 107
17 97
9 121
2 84
20 90
32 76
29 110
21 90
9 93
72 112
15 97
43 109
74 116
16 108
38 122
53 89
61 98
54 86
2 105
67 78
26 96
65 104
70 80
19 93
50 107
55 77
60 116
6 111
69 81
37 120
2 80
67 94
50 88
36 77
9 97
4 106
4 87
22 118
61 91
40 85
25 122
54 111
1 114
43 87
39 83
29 122
20 82
72 106
18 84
69 76
71 120
41 111
44 117
11 78
7 87
14 88
71 84
11 94
49 100
14 76
47 112
68 75
46 106
31 118
32 78
1 92
25 87
12 102
16 84
16 90
65 77
56 111
7 97
23 113
67 97
41 119
70 83
18 83
69 95
64 122
45 78
18 85
37 85
45 119
63 108
3 97
22 99
12 98
35 103
35 82
20 114
50 112
27 97
63 106
47 90
67 110
54 109
3 95
52 122
26 90
3 83
65 122
11 84
32 120
67 112
19 87
71 94
35 79
65 116
14 120
34 114
18 106
2 98
12 98
65 110
15 87
55 99
9 110
63 85
56 107
48 99
28 121
46 109
2 92
34 115
31 84
9 95
9 85
70 101
68 101
11 122
7 86
28 99
39 85
19 80
64 81
42 105
38 80
22 119
40 110
55 102
47 104
2 121
10 88
29 95
42 113
9 117
20 78
15 92
42 86
20 92
30 83
56 89
21 99
51 117
39 111
74 118
9 122
72 121
31 91
23 103
34 95
30 119
14 120
23 117
4 91
31 81
42 121
29 91
61 92
12 110
67 85
57 122
61 99
74 102
2 102
47 117
56 100
21 121
55 92
62 118
55 106
36 88
66 75
32 87
62 97
21 122
34 89
71 90
51 106
2 89
42 81
13 98
20 107
32 98
35 98
39 119
54 92
34 104
49 96
54 86
40 107
20 98
42 82
13 79
42 121
55 88
57 99
74 85
46 91
44 122
26 114
14 81
1 105
74 122
3 114
55 79
7 114
57 93
7 122
46 96
47 102
69 77
52 85
44 118
39 75
69 106
42 83
20 91
43 89
57 116
2 103
26 75
74 94
7 83
37 119
29 85
4 106
59 96
30 79
18 94
49 84
7 121
46 95
19 110
54 115
8 96
4 88
23 80
21 102
56 92
69 82
70 86
6 77
13 119
45 89
9 84
1 78
65 111
9 92
18 96
39 97
12 118
57 109
43 120
39 100
24 97
67 115
61 76
69 119
40 108
15 91
47 80
41 97
60 101
65 99
30 75
66 121
10 76
9 77
30 75
5 94
30 90
3 82
62 110
11 96
45 119
61 76
59 106
26 84
14 81
57 107
53 87
59 100
64 108
30 98
29 111
7 93
4 77
68 103
40 117
16 111
39 110
30 118
5 91
46 80
13 78
49 78
59 90
4 90
1 93
49 82
49 94
49 104
39 116
21 89
59 88
70 93
51 107
6 111
58 90
68 78
44 81
39 114
11 78
35 114
36 120
4 118
10 112
3 105
56 102
57 97
9 79
67 82
68 117
36 112
20 96
10 116
63 84
51 96
33 75
42 118
46 84
20 118
71 75
9 118
36 107
27 120
30 114
73 86
21 101
28 113
66 83
67 90
3 78
62 96
2 119
17 76
60 105
43 121
54 121
66 89
24 76
15 115
1 90
63 81
22 114
36 105
67 94
73 122
18 119
68 90
65 92
47 109
65 112
42 105
22 113
22 120
66 112
11 93
70 94
1 90
64 100
48 114
41 118
67 106
34 88
52 118
61 113
54 97
6 95
69 92
41 92
45 107
19 96
46 93
2 86
2 107
14 83
4 98
23 101
35 84
16 120
5 91
7 79
30 80
22 80
41 107
42 113
17 108
67 82
54 122
41 75
39 106
21 88
18 98
67 82
23 94
29 111
29 114
60 109
33 81
6 91
60 78
54 88
38 97
46 112
72 93
74 116
37 80
58 90
64 90
10 85
37 81
1 102
47 99
5 115
47 94
60 103
31 77
30 89
56 100
25 98
43 94
40 121
47 84
14 82
69 97
44 103
9 100
72 84
8 118
63 89
62 77
19 76
36 111
17 93
71 75
53 110
22 85
70 83
3 80
46 102
57 113
54 95
25 81
61 97
15 83
42 120
22 87
22 98
74 94
5 91
23 95
27 94
58 89
33 105
35 122
19 96
63 80
1 117
23 94
70 102
21 97
3 119
57 83
74 98
51 80
15 76
66 119
46 106
53 115
22 83
51 91
6 120
60 119
56 113
22 100
68 106
64 121
27 110
72 75
22 115
5 94
13 118
27 109
58 88
62 108
44 122
12 75
11 116
73 94
40 76
52 91
32 101
57 83
63 102
39 101
9 93
24 96
72 116
64 103
61 82
33 122
35 85
6 82
39 110
19 108
54 93
5 91
55 96
42 103
62 102
32 122
66 89
18 77
60 91
25 78
70 79
13 117
8 108
15 88
25 110
20 75
43 77
5 107
58 82
13 77
69 102
57 98
63 110
8 79
24 85
74 90
31 120
32 87
51 103
45 84
38 90
27 113
71 99
10 117
9 83
18 109
71 111
46 117
47 116
69 108
45 88
5 83
21 100
9 118
8 111
38 95
63 108
3 87
71 119
30 95
25 107
25 110
44 104
71 91
12 83
9 77
73 95
48 81
51 91
67 92
14 107
66 81
30 75
42 85
10 81
43 82
64 83
74 105
9 105
24 75
30 100
11 106
61 95
31 91
13 117
70 95
38 100
18 114
74 80
7 83
19 106
37 102
45 98
51 118
20 91
72 79
22 94
21 106
23 82
71 122
67 107
59 120
44 112
72 122
55 98
70 121
55 121
25 82
4 113
44 77
49 85
23 109
9 106
21 87
66 96
46 118
42 84
68 110
48 121
49 112
44 121
27 110
49 102
13 80
56 102
20 117
35 95
4 77
65 111
51 87
18 95
19 103
14 120
23 107
53 119
62 77
53 93
70 107
22 90
34 118
52 107
11 88
43 114
39 89
36 101
11 83
20 121
38 117
22 80
39 117
19 112
9 90
39 103
1 88
43 76
43 93
37 120
50 92
49 84
67 104
21 100
49 83
25 101
38 119
45 99
32 101
43 94
24 92
65 110
47 77
22 117
48 109
18 83
44 122
3 96
42 81
18 101
12 95
16 92
12 86
23 89
4 99
48 121
39 94
4 106
14 82
2 107
25 93
45 102
57 90
22 107
59 109
26 79
66 110
10 84
34 90
62 75
39 119
61 87
32 103
43 100
47 94
17 88
17 119
39 105
63 83
32 95
44 116
20 91
36 106
13 119
43 75
2 96
57 88
55 98
16 110
18 99
63 106
43 83
17 97
73 82
73 95
50 83
56 78
35 79
37 89
16 77
61 97
57 80
15 96
19 97
74 108
30 112
62 110
45 117
3 84
58 75
64 84
39 79
57 114
36 117
13 116
43 93
46 100
60 84
13 117
64 109
20 121
39 97
56 82
4 85
34 88
-1 -1
19 17
12 35
4 31
18 22
1 20
3 35
6 32
3 28
7 35
2 29
11 25
12 33
1 36
5 26
19 34
5 22
19 21
7 34
6 32
3 34
8 29
13 22
18 36
3 35
19 21
14 27
9 32
5 22
7 28
7 34
5 23
9 31
11 36
19 32
15 21
3 36
8 26
1 22
9 34
2 28
6 25
17 35
13 29
11 20
19 30
2 33
11 30
19 26
11 29
3 32
9 24
10 24
18 29
11 30
6 26
8 32
16 25
10 30
13 33
10 34
13 28
10 32
14 34
13 25
5 20
13 27
6 25
4 35
1 30
18 34
6 22
5 32
6 24
11 23
15 25
16 27
17 21
6 30
17 21
15 24
5 32
16 21
2 28
4 30
17 22
15 26
18 36
9 26
17 22
5 24
4 28
17 23
14 33
6 24
2 27
11 21
3 21
17 30
15 27
19 32
14 36
5 26
5 20
9 22
11 25
11 35
19 32
11 33
17 23
13 22
2 30
1 29
4 31
18 32
9 33
16 34
3 27
17 30
2 25
12 26
2 27
5 31
14 30
5 25
8 20
18 31
7 36
12 20
9 29
10 20
6 26
12 30
7 29
12 22
19 35
15 23
3 31
11 31
3 20
9 32
1 28
5 30
4 22
11 24
1 20
12 27
14 36
10 24
10 26
17 29
3 28
10 34
15 27
7 36
8 28
4 21
8 30
1 27
1 36
2 21
-1 -1
98 8
47 100
14 102
8 102
7 104
4 106
13 101
38 102
44 101
92 105
1 105
24 106
87 105
53 100
66 105
80 105
76 105
75 100
26 100
90 100
18 105
60 102
47 105
60 105
95 104
90 104
21 104
21 99
23 106
57 104
31 102
79 105
37 102
53 101
47 101
13 99
72 101
47 99
82 106
63 104
29 105
52 100
45 102
13 106
79 100
81 106
50 101
19 104
83 100
71 102
81 105
11 99
17 102
43 99
39 104
82 106
30 104
41 100
64 106
6 102
90 101
44 106
58 100
41 102
8 101
15 103
83 104
34 101
91 106
27 102
28 99
76 103
61 100
93 104
65 101
25 104
78 102
49 104
2 100
41 100
35 103
50 104
73 106
71 104
78 106
31 99
76 106
8 104
44 102
1 104
24 103
30 102
11 103
67 101
60 101
29 106
26 99
63 106
40 102
63 100
28 102
62 106
36 102
60 99
12 102
75 101
60 104
96 106
53 104
31 105
89 103
84 102
79 105
75 100
77 101
26 106
89 101
80 99
74 104
75 99
31 100
38 102
57 103
50 99
82 104
26 106
41 105
37 106
63 105
25 102
18 103
48 105
87 105
8 103
16 102
39 101
34 104
92 100
9 102
55 106
39 104
48 106
4 101
56 101
50 106
59 105
89 100
4 105
19 104
91 101
36 104
46 99
93 105
82 102
4 99
52 102
92 104
72 104
36 105
94 104
78 101
5 100
34 100
8 106
73 99
83 101
92 104
33 100
26 104
5 100
8 103
96 103
66 104
75 100
12 102
15 105
27 99
2 103
51 102
57 101
22 106
57 104
73 100
23 105
37 101
16 102
82 106
92 102
41 104
32 103
48 100
22 99
6 105
90 99
89 99
86 105
28 100
41 100
40 101
42 104
77 104
4 101
38 99
50 105
36 104
8 104
63 106
5 99
3 106
14 102
22 99
20 103
32 99
74 100
53 99
64 99
98 105
89 104
69 100
23 99
39 103
30 104
49 106
57 99
72 101
27 99
4 102
78 102
78 101
76 101
83 102
10 106
23 103
50 103
96 99
48 105
17 102
19 101
31 106
85 106
66 105
60 103
40 100
42 102
45 99
64 105
88 102
40 99
37 100
23 99
85 105
70 101
26 101
90 105
7 99
49 104
81 103
62 100
36 100
57 103
9 101
93 103
58 106
1 105
42 102
73 99
28 102
80 102
67 100
30 100
1 101
76 102
77 103
89 105
6 104
55 106
27 99
36 104
83 100
44 105
36 102
32 103
33 106
49 100
46 99
69 100
92 104
8 99
24 105
42 103
82 102
14 102
77 100
62 106
89 106
68 100
79 99
26 104
64 100
20 104
34 105
18 99
41 99
62 103
86 101
29 100
55 103
49 99
28 106
71 104
50 101
18 99
79 103
35 101
68 102
52 105
5 103
62 104
36 103
8 99
72 106
51 106
5 106
56 106
34 99
24 103
25 100
77 102
79 104
44 102
50 102
18 103
38 101
38 100
78 100
25 102
89 106
98 105
86 105
19 106
25 104
43 105
56 105
46 99
54 103
23 100
66 101
30 99
82 99
23 102
21 106
60 104
19 99
61 104
21 106
18 99
3 105
9 101
14 106
37 100
48 100
42 102
21 99
83 100
88 105
67 102
9 105
24 105
3 102
91 103
6 103
16 102
4 101
34 99
14 104
71 104
80 103
2 100
75 103
12 106
11 103
13 101
2 105
50 106
63 106
33 102
31 102
31 106
65 102
59 100
66 99
18 104
4 104
61 102
18 99
34 102
9 100
61 105
18 105
3 106
55 105
54 102
6 103
44 103
67 106
53 103
26 99
52 99
70 102
36 101
8 101
72 103
45 105
82 101
25 106
78 106
35 105
98 102
53 100
89 102
84 106
10 100
73 104
66 105
78 106
14 104
39 102
40 101
77 102
-1 -1
