2
24 61
5 8 4 0 4 3 7 8 2 6 8 0 10 6 4 1 1 5 10 7 0 2 9 9 
9 14 22 5 16 0
23 9 6 24 16 20 4 18 14 11 10 2 5 1 21 15 13 17 3 22 12 7 0
20 13 9 5 0
15 0
6 12 24 16 22 7 23 3 19 17 1 9 10 13 11 20 2 21 8 18 5 0
18 9 22 10 5 1 8 20 2 17 4 23 13 7 19 16 24 12 3 14 6 11 21 15 0
10 9 12 11 17 5 8 20 2 19 14 0
12 24 14 8 2 5 6 7 1 15 23 0
10 20 11 0
19 11 18 17 13 0
19 3 18 24 10 23 0
17 5 24 9 16 12 3 20 14 23 15 4 8 13 6 22 11 7 19 10 21 0
1 4 13 19 21 18 14 9 5 7 2 12 22 10 3 15 8 6 24 17 23 11 0
10 9 1 4 23 8 20 12 3 24 22 2 16 18 14 15 11 0
17 13 24 8 4 23 14 1 12 19 22 16 0
24 20 10 13 22 12 18 4 19 8 15 14 0
7 2 10 13 3 23 15 14 19 24 6 21 11 0
6 10 16 1 2 12 17 7 0
2 23 15 24 4 21 10 13 8 18 6 19 14 20 22 7 11 3 9 0
3 0
16 13 12 24 7 23 17 6 20 18 3 14 0
14 2 7 24 23 20 0
13 10 22 15 2 23 14 11 9 12 18 7 0
4 19 16 24 5 8 21 18 11 15 14 2 10 1 20 6 17 0
5 15 1 13 21 20 9 23 4 3 24 22 7 8 0
3 8 23 11 20 4 24 15 12 0
1 10 14 7 11 2 9 5 16 12 13 22 21 8 3 20 17 0
11 3 23 13 12 20 21 24 18 15 16 8 6 0
15 17 12 5 22 8 18 11 1 7 3 2 10 0
9 4 0
7 0
4 19 24 1 15 5 8 12 21 16 23 22 2 13 6 9 11 17 20 0
14 24 10 3 16 9 11 19 13 4 18 22 20 21 0
21 2 17 9 4 19 23 3 0
23 19 1 11 21 13 5 24 20 4 12 22 2 0
13 10 5 7 15 21 6 16 24 4 1 8 19 23 12 18 3 17 0
15 23 6 12 8 17 11 21 13 20 19 2 5 22 9 3 24 0
4 2 18 23 22 13 7 24 21 0
22 16 5 2 24 21 3 0
8 10 14 21 11 16 3 15 17 7 6 1 5 18 2 20 0
6 7 14 19 4 1 15 23 5 17 11 18 20 8 0
4 0
13 14 17 1 10 2 23 9 19 16 24 8 4 6 22 20 0
10 0
20 1 10 15 12 9 19 6 3 2 21 24 8 5 23 18 16 13 14 11 4 22 7 17 0
16 14 10 24 9 20 15 3 5 22 13 4 2 18 11 23 1 6 21 0
12 9 19 5 20 3 6 11 1 21 15 2 7 16 22 24 23 14 10 4 0
22 18 3 13 6 24 21 19 5 15 7 10 2 0
13 10 11 4 3 5 6 12 22 1 14 19 24 16 17 21 18 8 7 2 23 0
18 11 7 21 2 5 19 24 22 10 0
24 15 16 4 14 2 3 9 23 7 22 0
2 19 5 7 14 0
24 17 9 11 7 12 18 2 16 10 21 8 19 6 20 1 5 4 22 0
17 3 21 1 14 4 12 7 24 23 22 6 10 20 8 5 2 18 15 11 19 16 0
19 6 7 16 0
10 18 6 9 23 16 20 21 2 24 13 0
23 13 14 9 7 10 1 18 11 2 17 6 21 22 19 12 16 20 4 0
2 23 21 16 1 13 6 15 19 9 0
6 20 13 16 18 4 19 3 21 23 15 9 14 12 0
13 7 17 6 11 10 22 8 9 24 21 18 14 3 23 0
11 9 19 3 20 10 15 16 23 5 13 2 8 24 6 1 0
12 76
2 5 8 9 5 7 6 3 10 5 9 1 
8 0
2 0
2 3 1 9 4 10 5 8 0
12 7 1 10 2 9 0
10 2 1 6 0
3 7 6 11 0
5 7 1 6 9 3 10 11 0
7 4 3 12 8 5 10 11 0
10 6 7 2 1 9 3 5 11 4 12 8 0
4 0
10 4 3 5 1 6 0
5 11 6 8 10 9 12 3 0
12 3 4 7 10 11 5 6 0
12 8 3 6 11 10 2 5 7 0
11 0
12 6 7 3 11 10 5 2 9 4 0
7 1 11 12 9 0
3 0
11 3 7 5 2 0
7 11 4 1 6 8 10 9 2 5 12 3 0
3 1 10 11 2 6 12 4 5 7 8 0
2 8 12 9 1 0
3 10 2 12 9 5 8 0
5 11 6 10 12 9 0
8 3 2 0
1 7 12 2 5 11 9 4 3 0
12 5 8 2 9 3 4 0
1 12 3 10 9 11 0
10 0
3 7 6 12 10 8 2 5 11 4 1 0
5 7 3 6 12 10 11 0
6 11 0
10 2 9 7 4 3 6 1 8 11 0
8 0
2 5 6 3 12 1 9 11 7 4 10 8 0
6 3 5 12 2 0
6 8 1 7 4 10 12 3 9 5 11 2 0
3 8 2 6 5 12 4 7 0
6 12 10 4 3 1 11 0
8 7 3 1 0
12 7 5 10 9 2 1 0
6 0
3 6 9 12 11 0
6 8 9 7 11 4 12 0
2 8 0
9 4 7 2 11 1 8 3 10 12 0
5 12 11 4 2 7 0
6 11 4 1 5 7 10 8 9 12 0
6 7 5 2 1 3 11 4 8 10 12 9 0
11 3 6 2 10 8 7 4 1 12 9 5 0
9 4 10 12 0
7 1 2 11 10 5 12 4 8 6 3 9 0
2 5 9 1 6 10 4 12 7 3 11 8 0
10 1 0
10 9 11 5 4 2 12 7 0
2 1 7 0
5 3 11 6 2 4 12 1 8 0
7 12 8 5 2 10 4 11 9 1 6 3 0
7 8 6 11 10 0
7 0
9 1 8 5 0
4 12 8 11 9 6 5 1 0
11 0
8 0
1 0
12 1 10 6 11 9 2 8 0
6 10 5 8 4 2 12 9 7 3 11 0
10 1 8 2 9 6 4 5 0
6 5 8 2 12 11 4 9 0
2 0
5 11 9 0
12 8 2 1 5 7 6 11 0
6 8 0
6 8 2 12 0
4 7 11 3 1 5 6 9 2 10 0
2 5 7 12 10 6 4 0
