3
67 3939
27 51
79 8
72 18
90 11
32 42
37 7
22 83
24 78
16 28
93 60
18 60
69 19
88 1
95 76
86 75
74 95
50 6
34 27
86 44
74 0
46 80
76 16
44 34
57 91
54 62
55 50
64 74
40 91
95 94
57 39
65 48
47 40
74 12
68 72
46 69
10 1
92 49
31 62
73 18
45 29
38 49
72 39
88 19
75 34
61 25
48 22
3 37
39 10
86 35
42 31
43 33
58 92
84 89
64 88
99 34
42 9
69 66
0 22
89 43
91 28
1 37
45 32
45 26
12 73
76 99
71 76
91 91

7423 8687
6 5
27 21
60 91
54 14
58 84
20 11
61 1
11 53
40 24
79 55
92 12
77 93
34 21
4 59
24 99
52 64
84 89
2 43
81 68
60 27
12 64
75 66
46 54
43 21
98 42
50 26
94 31
83 38
89 73
12 48
95 58
41 69
8 88
35 45
42 22
53 98
46 89
74 96
73 5
99 8
71 68
14 97
55 22
32 72
41 50
67 27
76 8
59 77
72 43
29 3
7 49
36 38
9 68
12 27
58 67
76 91
87 70
92 0
5 70
31 91
57 40
65 96
27 28
56 96
42 17
21 41
95 52
25 95
89 0
53 0
4 56
13 44
13 75
31 51
18 98
68 92
43 89
31 71
59 75
63 69
87 99
69 99
43 7
81 80
42 74
85 3
33 95
58 8
87 31
40 14
27 71
44 33
5 62
20 17
6 76
49 70
42 0
32 65
11 0
39 39
60 38
61 45
87 52
76 24
79 80
22 37
84 93
34 12
88 54
80 12
18 68
68 38
17 58
27 79
43 56
83 79
6 63
92 44
95 32
38 30
66 19
9 49
25 43
26 19
72 79
20 18
68 59
79 77
54 94
0 94
35 74
9 76
78 10
86 38
37 15
28 96
59 3
29 28
74 42
89 12
76 77
11 81
48 68
59 24
2 30
58 12
39 28
22 7
46 62
44 45
17 57
11 93
76 78
3 99
10 13
66 82
86 81
21 27
2 51
90 81
77 6
69 50
90 62
5 42
47 0
65 67
55 16
94 88
99 80
46 75
95 61
13 52
24 11
43 99
93 73
39 85
99 85
34 13
81 33
87 54
24 19
37 55
58 31
61 19
85 2
38 78
47 57
67 76
19 46
32 20
74 42
11 68
91 56
40 11
88 69
42 15
55 80
49 41
87 76
45 49
26 96
84 18
34 18
38 77
67 55
40 0
49 1
60 31
47 34
11 14
7 5
88 94
54 63
15 4
22 67
53 46
82 69
19 13
14 67
85 39
32 65
44 58
74 7
17 72
29 20
60 1
53 18
21 61
38 7
78 78
99 61
5 74
17 86
35 41
30 33
9 14
86 93
18 2
93 51
58 21
2 10
62 99
64 23
83 86
63 73
75 74
70 58
33 29
98 38
61 85
77 20
92 54
32 47
97 84
69 70
4 76
70 55
57 58
62 13
60 31
53 16
4 20
42 61
82 75
98 70
44 16
72 39
89 75
15 58
10 8
20 72
54 31
4 28
10 69
56 51
16 66
99 45
60 28
40 51
3 40
21 53
32 20
83 75
41 25
11 82
83 58
80 72
16 80
14 64
79 44
74 10
93 22
35 95
32 91
12 11
65 84
79 16
1 64
98 87
58 20
4 0
67 70
74 95
46 53
10 52
91 39
32 70
77 94
91 91
66 15
90 6
42 68
52 11
52 32
92 76
70 73
9 80
10 25
10 4
13 5
41 39
59 98
65 82
35 48
72 48
12 93
94 0
60 14
23 45
84 56
63 13
13 62
52 85
53 89
51 4
93 96
91 98
97 9
94 42
76 11
50 7
74 97
95 36
51 16
77 19
90 16
89 47
1 33
87 0
35 75
79 6
40 82
16 20
76 12
27 84
55 11
68 32
18 52
19 95
25 60
71 56
21 44
71 33
64 28
11 32
53 16
28 31
92 19
71 94
32 27
92 49
72 72
40 74
42 92
44 68
8 72
30 5
61 85
33 0
6 57
52 82
33 54
55 70
92 95
85 64
94 26
37 20
3 90
12 82
70 39
35 83
68 70
85 37
86 33
46 84
9 94
46 74
97 87
68 24
64 98
23 93
53 62
62 87
5 85
37 55
52 27
11 82
15 76
99 81
69 33
40 60
71 49
28 87
29 89
26 69
45 80
83 42
62 69
54 14
13 18
39 86
70 10
42 71
75 40
7 56
41 10
93 81
96 25
39 94
3 86
47 84
46 26
1 90
31 96
54 70
4 7
74 27
64 19
54 70
51 16
82 8
30 6
6 38
2 93
91 22
61 89
29 94
28 86
87 78
6 44
54 3
68 9
5 16
72 37
56 40
56 51
32 66
61 79
99 28
19 27
60 92
70 18
61 94
57 77
15 1
23 28
2 96
7 45
62 20
24 30
12 81
17 29
1 60
49 67
12 59
54 62
66 79
91 12
83 53
83 48
30 12
12 79
29 78
37 65
47 93
79 45
74 32
34 98
5 2
6 60
36 42
92 66
25 52
47 97
55 50
66 45
84 91
67 75
57 12
44 55
29 48
26 10
46 73
92 38
91 67
41 29
21 65
64 39
60 66
90 40
56 70
40 50
61 69
75 47
56 75
34 65
84 88
80 37
47 30
81 61
16 84
53 58
61 89
78 17
64 6
0 61
56 5
23 5
17 39
85 70
87 46
87 77
55 6
17 22
58 60
75 79
36 73
74 50
45 50
86 97
33 76
18 97
37 86
75 24
11 52
76 6
94 50
61 41
55 21
9 5
39 38
22 37
11 13
28 91
76 23
89 9
63 7
79 62
76 21
34 50
36 12
84 62
77 15
62 3
69 74
25 47
42 38
49 77
73 4
68 80
16 57
26 18
26 84
48 57
28 92
50 91
93 85
78 98
19 44
37 10
83 97
56 86
35 76
96 72
17 7
9 33
39 43
21 52
89 86
83 66
75 84
50 54
47 25
52 18
25 13
79 6
17 81
94 15
5 81
11 67
84 6
92 46
46 46
39 40
29 82
38 18
15 28
75 81
5 76
97 15
55 44
27 3
1 70
56 71
30 17
59 64
78 4
88 36
21 70
23 8
90 95
29 27
34 58
40 11
6 75
62 55
53 90
29 9
62 5
21 8
4 55
11 5
75 70
61 61
68 26
61 82
52 10
30 55
2 18
77 48
29 14
61 63
15 22
81 68
99 46
30 64
8 76
19 92
87 55
39 2
11 35
22 88
67 67
15 12
11 25
90 65
19 44
69 71
93 42
88 20
81 44
17 57
78 35
80 63
30 8
79 20
93 56
49 48
86 29
16 60
7 71
68 60
28 6
86 68
90 66
1 5
80 44
80 89
1 93
33 85
55 97
60 89
12 57
98 53
3 84
91 73
21 19
70 70
44 63
45 84
95 15
49 96
71 78
10 43
86 85
98 61
83 49
62 34
18 80
6 91
8 45
66 77
36 41
9 31
86 40
69 5
88 17
70 95
0 37
28 18
26 20
39 57
74 81
58 64
48 39
16 14
98 48
24 47
89 87
99 40
84 48
46 93
29 75
18 75
45 33
81 96
35 50
65 40
88 68
47 34
57 90
20 77
40 52
10 35
72 74
42 63
32 24
25 30
69 30
89 37
27 43
77 8
13 62
95 6
56 74
93 15
55 30
86 66
36 42
63 49
28 97
46 98
31 96
13 47
78 33
89 83
66 59
89 98
14 57
30 19
80 93
85 29
40 63
95 97
24 58
51 9
87 58
97 7
49 15
82 87
10 41
40 47
18 68
47 30
12 38
77 43
62 67
42 47
25 32
6 20
49 99
39 51
99 97
29 88
57 21
64 80
42 53
6 60
11 83
13 80
33 18
24 38
43 0
76 85
46 57
88 84
87 21
49 59
33 99
85 32
65 84
88 33
70 74
93 89
8 35
43 40
23 16
3 65
67 89
31 79
27 64
55 69
54 38
3 1
13 20
86 34
51 89
10 74
74 52
91 96
10 17
84 55
47 61
27 50
46 86
40 12
7 51
2 91
2 51
13 61
47 91
99 52
64 55
76 43
57 70
63 12
53 13
16 47
92 52
51 86
31 98
70 83
84 58
30 27
18 22
54 72
99 49
68 13
88 16
68 96
40 56
22 65
9 26
79 21
64 98
7 62
75 25
78 73
36 2
25 55
27 71
98 44
16 73
50 5
42 68
25 73
31 80
19 15
90 88
6 2
53 15
8 68
34 93
19 11
0 34
78 53
57 6
9 79
67 48
12 84
88 64
47 62
26 15
22 22
71 88
92 60
40 58
77 94
32 79
41 45
64 87
61 95
72 58
80 51
8 70
66 38
16 80
99 68
37 12
75 46
37 2
97 81
89 92
82 26
1 94
88 35
99 61
59 59
40 19
66 90
47 2
36 55
59 83
36 73
32 93
35 43
9 65
70 35
52 52
4 18
36 28
65 26
35 99
98 15
28 2
83 6
44 88
91 87
49 98
79 82
30 54
1 37
36 6
94 40
64 19
98 89
75 69
3 76
18 54
21 5
14 47
76 93
82 41
10 19
90 4
6 44
8 68
54 84
49 73
9 95
87 76
0 22
56 94
66 95
81 81
77 0
4 81
15 90
27 85
85 69
22 42
95 25
22 79
80 5
39 73
84 15
63 16
59 35
52 71
75 37
12 49
28 36
79 57
3 20
1 15
53 18
20 75
14 75
56 6
17 86
5 70
18 2
21 7
66 11
75 91
81 44
83 94
49 85
22 18
33 25
9 36
61 51
33 88
61 89
73 42
13 81
16 21
71 99
81 88
25 98
40 3
96 70
53 31
25 15
19 65
31 92
14 92
33 46
73 60
98 14
27 86
54 72
8 38
27 38
78 40
16 8
65 46
93 21
36 12
87 58
92 21
80 25
94 66
10 85
96 25
76 48
56 47
14 45
21 24
7 63
2 86
0 21
68 17
42 16
30 66
43 50
34 3
93 76
51 50
39 78
22 8
80 98
21 72
73 82
34 40
50 2
31 87
48 49
74 35
38 23
88 29
45 55
41 51
45 81
2 13
80 3
10 59
53 92
34 50
21 65
93 69
97 63
26 14
77 69
11 13
74 26
81 8
26 37
9 92
72 25
55 59
38 39
21 18
99 74
59 45
64 73
48 88
46 6
3 44
45 23
74 87
68 93
35 20
61 61
74 15
70 38
2 3
96 58
55 81
54 32
47 92
49 54
52 61
59 40
34 93
26 20
65 80
35 72
60 56
38 21
75 95
32 5
23 66
82 4
12 2
79 74
3 35
37 20
61 11
28 83
70 88
72 69
50 45
84 27
57 13
90 46
85 37
45 23
81 43
69 16
64 96
29 56
87 92
99 47
2 86
68 12
24 25
73 40
38 53
17 6
42 63
92 29
49 32
25 70
97 71
7 0
50 29
25 50
43 88
51 11
37 56
91 80
88 13
75 7
69 69
69 37
19 17
36 96
80 61
13 43
75 25
94 28
16 61
42 40
67 58
22 56
64 82
73 89
46 64
26 40
91 48
65 32
80 96
19 73
97 0
16 55
7 22
34 70
8 10
24 67
43 4
14 22
52 19
15 61
98 33
88 9
51 71
27 20
0 91
88 15
86 12
30 29
37 22
82 95
11 49
39 77
10 10
49 81
41 72
79 27
0 81
3 85
3 38
38 7
45 38
31 45
5 17
20 76
96 20
98 71
8 45
84 7
89 61
19 41
39 44
92 38
91 76
58 31
65 44
42 87
97 79
49 21
44 97
73 22
69 25
26 66
61 83
18 74
92 21
67 39
89 25
39 96
0 61
50 85
98 5
12 98
61 60
57 94
36 85
5 6
60 80
51 81
92 14
93 73
15 57
9 77
41 95
70 80
39 52
86 78
30 98
83 34
56 5
43 84
13 76
96 16
93 74
4 78
99 4
58 87
73 45
41 92
45 95
92 54
12 74
86 74
88 87
15 62
64 11
75 43
42 20
19 92
12 66
29 91
48 49
24 46
4 71
40 53
54 53
78 98
3 91
51 69
78 95
33 5
43 14
38 23
32 57
9 54
45 61
79 46
39 34
59 61
62 57
57 59
27 88
91 72
51 74
19 95
2 35
87 33
10 93
19 40
24 20
63 38
43 31
85 9
14 67
31 91
92 35
56 9
58 45
59 56
85 4
84 12
65 79
60 97
1 32
91 42
28 65
4 96
43 59
91 7
79 79
33 82
86 10
45 69
9 91
70 74
17 32
42 81
79 86
25 33
72 57
33 78
28 71
84 96
1 38
54 63
48 63
88 93
96 30
81 2
50 19
9 2
79 19
36 28
91 8
84 89
30 1
5 26
42 74
19 86
25 95
5 7
67 30
13 64
53 78
28 71
79 77
87 33
91 33
90 10
83 90
36 65
5 71
79 67
24 72
50 67
78 2
56 62
89 53
51 51
82 50
60 38
72 36
9 69
92 81
4 20
41 96
74 9
43 49
36 46
0 46
48 17
10 73
63 84
33 60
10 63
23 47
67 98
71 96
9 35
40 47
23 12
22 85
48 85
13 87
71 37
96 7
77 69
55 58
27 29
93 2
90 50
4 45
16 43
22 43
17 36
81 53
70 44
86 70
44 37
35 82
88 18
8 21
98 0
34 85
27 53
27 23
56 17
73 92
84 65
43 22
57 90
12 28
13 34
93 22
38 94
84 38
72 31
74 76
30 72
91 87
20 76
0 24
31 52
30 11
25 89
48 36
47 67
52 11
33 4
42 38
33 34
22 98
82 82
61 89
25 95
17 72
73 50
12 29
99 88
94 66
41 37
62 43
1 18
39 79
85 5
3 70
97 14
59 11
94 78
44 96
60 60
98 55
2 28
67 85
9 43
6 62
80 66
8 59
94 10
31 51
73 56
46 29
58 79
64 68
56 23
64 60
6 10
64 93
63 92
36 65
36 83
62 43
61 96
84 61
63 93
37 21
77 39
80 16
37 83
25 38
33 20
37 34
31 35
4 45
61 59
65 33
48 22
38 28
88 16
52 44
71 30
89 53
90 5
16 54
53 68
46 57
33 75
11 93
64 74
58 52
75 78
64 40
14 26
69 9
73 8
13 66
78 37
39 89
47 34
36 59
50 21
86 4
6 87
37 6
27 15
54 89
65 63
18 98
89 6
9 56
9 94
39 4
5 42
87 10
65 38
54 73
68 45
27 35
82 60
41 65
7 30
71 9
68 60
11 8
29 25
28 7
31 88
70 28
66 89
92 70
35 33
96 22
12 30
99 11
4 90
13 81
81 3
11 4
67 15
98 30
51 93
19 10
19 8
50 66
8 74
95 33
97 95
80 62
42 75
55 0
24 14
82 30
59 70
56 73
54 6
73 11
98 5
94 22
65 1
58 2
0 5
96 3
31 69
71 38
84 32
34 77
43 58
11 73
76 15
83 20
70 76
62 92
42 69
53 38
42 14
79 10
76 42
7 87
66 97
28 18
24 69
62 59
0 87
6 66
28 39
15 30
61 33
98 36
83 41
11 28
30 61
33 25
31 58
0 37
41 20
21 93
9 98
81 37
52 66
2 84
76 56
34 23
26 85
49 32
50 97
77 69
55 21
8 1
53 11
63 46
72 15
16 15
48 87
92 40
29 53
6 64
39 63
2 59
34 8
87 60
98 57
40 79
23 70
32 19
63 70
3 46
88 84
22 90
79 48
79 8
9 9
99 97
66 9
41 8
3 38
83 51
48 61
45 50
49 84
64 82
36 60
17 76
96 37
15 15
0 78
78 84
16 95
25 0
99 20
53 81
64 47
50 1
74 30
55 82
62 7
73 86
16 15
53 49
80 40
71 81
39 19
81 56
80 34
35 13
44 42
98 28
90 7
69 27
23 30
89 13
0 11
27 17
4 21
79 52
37 67
41 30
83 68
99 86
15 49
19 67
0 69
54 5
31 86
21 37
60 14
50 58
82 5
30 17
95 81
50 14
74 53
42 34
48 66
94 3
76 98
63 15
28 75
20 46
53 20
29 94
83 83
27 3
33 59
58 18
49 42
39 70
43 29
99 18
46 3
84 54
32 36
96 4
83 87
43 88
64 10
16 55
51 19
32 13
31 78
23 13
19 6
43 29
9 65
98 2
82 57
6 49
94 83
14 3
81 9
96 14
15 86
5 32
16 88
61 19
91 35
72 50
20 88
72 75
47 60
3 93
91 14
15 80
54 91
17 71
71 33
71 5
70 17
29 96
95 5
98 33
77 28
22 32
92 16
62 31
9 10
80 88
1 48
21 76
13 80
72 93
56 62
76 60
41 64
52 39
94 29
42 41
98 27
29 23
75 38
99 29
27 15
27 78
36 78
54 9
85 34
21 76
72 18
42 13
13 25
10 14
56 42
18 29
73 66
49 9
34 14
25 7
46 67
50 44
81 7
95 22
97 69
38 53
15 37
18 4
84 30
75 97
74 71
70 97
98 79
41 67
96 56
98 10
85 98
55 53
84 57
48 99
82 1
68 12
78 37
9 18
1 70
90 19
14 60
90 18
50 60
39 32
50 24
64 25
45 33
50 70
51 59
1 2
90 78
27 0
12 51
68 11
17 8
32 5
27 65
62 71
47 11
41 30
10 58
56 14
68 98
53 79
52 97
61 28
48 12
98 54
98 31
74 46
98 34
49 66
34 30
21 42
92 27
16 73
91 50
25 41
12 86
43 23
18 3
26 52
24 16
39 1
42 73
22 28
55 75
61 75
10 43
20 24
90 0
4 38
30 41
81 83
9 54
75 99
42 93
74 88
3 68
4 26
86 94
59 4
13 19
88 27
63 44
4 87
67 94
48 53
29 85
78 56
37 24
70 34
42 63
74 24
44 46
90 4
58 56
22 91
71 90
53 75
61 21
62 71
18 1
94 73
51 20
97 83
54 54
56 41
4 26
82 21
87 24
61 36
52 37
99 49
41 76
18 27
65 10
13 28
92 81
24 75
84 64
70 25
60 94
60 23
36 8
69 51
81 12
48 46
58 99
98 13
47 29
13 18
2 0
56 76
8 22
23 30
49 23
13 89
69 34
48 13
8 22
33 21
21 17
25 13
56 20
47 55
58 37
39 5
88 21
78 50
34 16
15 95
93 79
65 84
71 25
22 95
23 93
16 52
79 42
30 41
24 23
93 60
21 17
32 3
72 94
84 20
82 20
88 21
56 34
84 29
37 51
87 12
6 27
23 31
76 29
40 27
68 51
74 48
61 87
31 17
29 84
38 63
9 84
73 49
42 3
48 85
12 63
51 32
47 86
70 27
70 13
35 91
55 62
72 82
12 64
13 10
27 6
84 98
18 33
67 11
48 50
18 52
55 43
58 80
96 72
33 43
72 66
31 40
82 59
64 67
24 61
59 35
67 55
22 17
53 16
39 94
70 91
82 1
70 38
56 72
68 75
35 28
99 20
79 11
4 34
9 79
57 28
83 72
8 49
3 90
7 87
23 10
90 86
39 49
37 64
96 79
0 34
58 2
49 79
5 28
5 55
21 36
45 43
37 52
2 79
36 23
15 28
63 65
94 47
83 83
85 65
31 66
30 33
68 24
29 75
31 70
65 74
34 65
6 85
79 36
34 24
77 96
25 22
1 16
25 70
88 0
85 54
53 21
85 75
14 31
28 72
54 45
61 63
33 64
0 65
32 39
47 78
74 66
62 16
51 50
87 63
51 35
18 73
54 51
26 78
71 98
40 70
38 51
92 2
58 74
29 61
91 2
45 16
59 28
97 60
30 41
81 18
56 33
11 99
98 28
36 41
97 42
79 66
86 5
59 28
1 74
47 80
21 52
64 94
47 20
78 65
58 21
34 43
3 9
4 40
84 45
31 48
2 18
29 86
68 85
17 19
10 53
13 98
58 82
65 88
79 83
33 11
91 15
71 95
47 93
13 5
50 50
19 95
19 59
24 60
26 95
22 8
80 6
68 55
5 99
3 87
80 71
31 6
89 67
74 44
33 78
35 32
34 50
73 31
32 37
74 82
5 27
54 76
32 70
95 23
4 8
31 93
91 8
23 62
11 16
57 48
89 74
9 27
77 10
88 82
45 95
35 10
17 28
58 17
38 20
22 6
97 69
27 27
47 62
38 87
95 23
60 73
95 93
19 60
26 86
61 61
50 53
5 2
14 6
37 9
22 73
57 76
1 97
33 93
31 35
79 89
71 7
17 73
87 22
62 69
31 20
10 96
22 73
98 84
15 58
91 78
96 89
53 1
96 1
17 44
10 78
98 40
48 45
94 50
85 90
44 89
42 87
21 96
27 20
70 43
45 8
48 2
23 63
37 85
6 12
9 42
45 9
23 80
97 68
15 54
32 33
20 88
48 9
38 51
47 37
87 34
96 31
97 72
88 36
21 93
51 19
3 9
44 93
63 82
68 69
98 16
53 26
51 65
73 39
99 3
51 6
63 79
32 32
54 92
63 87
22 91
90 1
51 71
71 29
33 12
39 28
93 20
64 17
15 86
13 52
38 43
30 47
21 65
53 70
65 53
4 69
39 12
88 63
99 14
42 61
65 76
27 84
75 94
97 99
63 50
64 13
19 38
62 93
98 8
27 62
4 29
87 77
81 53
45 97
93 65
92 7
0 72
56 33
49 18
8 36
96 53
61 77
96 14
73 80
73 28
93 83
6 3
12 80
66 44
61 22
37 35
78 89
57 38
14 29
46 88
0 67
89 59
41 25
23 6
80 19
38 73
92 98
32 15
58 86
96 15
75 46
29 86
76 7
0 36
29 14
26 48
70 69
62 29
44 28
47 98
19 26
29 28
72 31
40 81
30 42
14 25
97 3
63 29
14 98
38 0
96 56
45 22
94 97
47 21
14 79
41 57
46 99
95 3
81 25
53 2
84 8
41 2
5 14
94 88
8 9
58 93
84 48
20 54
8 44
25 64
99 66
76 69
0 31
95 15
2 53
12 96
64 14
44 69
12 62
75 71
25 94
24 79
97 37
62 68
96 78
83 82
78 28
48 98
79 1
33 40
25 74
31 92
29 29
67 20
6 17
80 34
54 78
48 18
71 64
43 5
29 6
53 0
9 33
49 26
29 87
26 27
40 9
45 75
65 68
99 46
39 39
52 85
36 31
51 37
86 93
0 83
69 44
84 40
78 39
68 82
19 45
65 14
8 97
86 71
38 81
42 99
34 17
24 76
32 61
64 98
85 11
92 44
58 50
95 24
78 92
20 78
37 36
58 15
61 7
79 94
37 28
75 71
89 59
94 80
57 52
68 93
17 95
11 6
29 17
22 6
36 32
82 78
54 64
54 68
31 95
15 38
70 78
87 14
98 64
17 47
78 22
82 44
2 16
10 71
33 20
14 8
22 20
56 91
68 72
48 51
21 40
6 81
32 71
48 81
62 25
13 14
82 6
42 76
28 31
0 57
76 0
58 13
34 75
12 75
57 77
12 99
8 14
1 81
5 22
69 22
84 89
63 30
42 74
60 77
87 91
25 66
48 12
58 73
13 42
10 8
22 70
99 52
33 15
35 12
55 19
78 90
6 29
74 61
18 3
25 36
74 5
22 13
58 46
95 71
31 89
4 44
15 84
4 82
73 92
44 33
3 60
76 34
34 72
50 89
58 80
40 71
19 69
86 62
74 70
59 57
68 39
48 57
44 90
67 56
83 92
88 16
25 47
78 68
17 75
24 13
26 97
49 3
24 38
77 93
76 25
25 46
36 41
86 69
0 37
40 44
46 45
92 81
45 24
76 41
3 14
87 76
9 88
13 85
94 93
83 69
36 91
2 50
22 2
56 86
65 77
88 82
17 11
7 0
10 12
75 98
12 24
27 76
80 26
99 63
1 1
21 4
9 23
52 49
11 51
96 59
69 37
86 68
89 39
14 25
22 66
90 86
32 61
93 24
99 62
23 23
56 59
66 90
40 18
14 56
27 75
69 56
65 54
19 99
58 33
84 92
99 88
13 48
54 11
63 44
42 82
42 12
73 82
91 69
26 80
36 45
98 87
32 29
24 3
85 75
88 24
89 17
14 83
85 62
8 79
76 48
77 14
95 78
2 47
95 2
80 47
79 61
20 55
4 46
40 33
63 60
15 64
93 68
26 65
21 35
24 96
97 24
87 99
62 32
96 85
6 61
73 10
82 12
92 70
1 87
55 67
70 15
42 67
53 94
49 90
81 43
38 16
24 48
77 77
3 20
11 53
48 71
60 91
30 39
51 49
31 84
71 38
8 34
78 30
24 57
13 53
73 26
88 83
76 8
40 35
91 21
6 99
70 34
16 55
81 48
70 99
31 17
2 50
52 79
67 84
54 38
72 55
14 56
13 34
42 8
17 30
41 11
79 58
87 75
38 9
45 45
90 53
0 50
20 14
58 8
25 75
52 34
28 8
99 5
92 97
64 68
43 29
82 30
60 59
71 63
6 65
6 32
58 30
31 91
51 50
95 47
32 11
25 87
10 27
69 77
38 19
20 93
1 37
17 54
18 89
91 17
88 13
26 83
89 43
46 5
37 20
69 18
11 21
69 59
25 36
43 40
35 8
10 33
58 70
66 56
25 89
78 36
39 79
79 29
34 96
27 98
76 21
43 11
52 29
81 25
75 37
17 30
3 66
96 21
75 79
57 74
57 58
56 6
1 99
52 74
82 80
54 96
50 64
46 17
13 46
16 77
74 31
99 16
97 11
40 74
60 60
63 13
57 57
78 26
32 82
42 49
57 15
97 5
96 62
28 52
59 41
90 86
27 0
42 60
47 23
62 91
9 19
35 78
42 98
58 76
49 12
24 56
23 43
26 51
5 74
76 40
21 73
16 78
26 32
45 63
79 7
40 83
74 93
37 3
60 20
75 87
51 12
18 26
39 93
69 69
19 94
95 29
37 27
32 56
47 19
48 58
26 90
20 84
22 69
78 90
35 20
30 73
92 46
88 87
79 56
80 82
0 26
64 7
45 11
77 76
53 64
40 4
92 90
37 37
42 4
9 5
23 49
89 61
79 88
79 3
41 45
81 92
65 16
75 54
54 24
44 38
61 7
20 32
80 48
60 69
78 29
94 82
84 52
47 63
3 15
10 3
2 99
83 18
82 13
64 54
76 86
91 62
8 65
64 36
68 30
48 58
26 50
10 52
81 96
25 4
45 14
50 45
38 44
63 28
7 12
80 87
59 78
5 48
47 30
61 43
66 60
89 95
66 11
76 46
15 74
37 26
5 11
74 90
29 32
56 38
47 10
14 2
23 72
98 81
25 29
10 76
55 85
68 88
33 1
24 26
22 33
33 86
66 42
70 30
90 73
58 48
32 18
6 41
19 27
15 23
1 71
23 97
55 10
27 61
16 80
99 55
42 82
49 92
38 80
74 90
10 64
97 38
76 46
37 17
8 96
91 91
26 63
88 61
86 95
77 87
24 15
19 93
51 49
87 65
43 77
63 24
9 99
26 4
80 50
66 75
50 86
59 14
33 94
42 24
71 27
83 52
14 15
87 0
60 57
41 43
62 52
60 22
15 58
60 62
32 27
1 89
9 98
77 70
46 24
28 74
39 82
75 93
5 63
12 0
55 15
39 12
23 38
1 39
56 13
76 37
39 45
91 1
53 56
67 89
73 52
71 63
54 62
76 30
96 48
84 53
50 26
95 42
82 70
99 26
64 91
44 7
95 15
31 86
49 71
12 14
74 86
5 48
48 20
6 0
6 34
70 47
37 83
59 51
6 61
76 37
6 12
34 97
14 86
93 47
43 52
57 68
96 7
13 43
93 43
14 17
44 92
14 39
6 70
71 6
89 62
3 23
55 21
38 84
29 85
62 26
73 90
73 61
77 39
16 33
93 32
71 15
2 66
9 83
52 94
1 55
73 34
93 0
87 86
78 90
60 9
1 58
20 74
60 84
67 77
52 3
27 54
17 8
60 10
54 64
74 51
47 29
23 9
40 83
78 62
72 89
47 97
50 47
67 47
15 9
75 26
36 99
72 59
49 62
18 81
97 71
5 66
68 78
23 94
11 22
75 34
68 4
49 30
61 61
68 42
61 24
60 61
92 3
12 91
26 56
95 50
63 86
49 15
53 29
8 70
23 64
64 5
68 2
80 28
99 68
77 82
14 65
72 35
93 61
99 87
4 49
96 86
19 95
82 37
49 94
72 60
35 54
99 76
78 73
70 18
39 68
88 52
90 88
41 8
86 19
89 39
63 91
49 8
81 13
79 93
0 1
21 25
51 2
69 30
25 84
40 37
66 25
94 24
62 25
20 43
99 87
73 94
16 37
30 2
74 87
22 30
78 59
52 68
55 53
34 80
70 19
93 92
11 40
62 25
65 28
17 49
68 43
12 93
67 31
7 32
1 99
25 61
84 94
81 34
40 51
25 62
96 46
91 0
18 71
59 12
32 97
24 73
46 62
6 99
50 97
63 67
46 28
77 82
77 11
12 38
77 37
8 35
19 81
8 84
75 19
56 92
85 80
53 36
93 20
23 1
59 75
3 19
34 86
66 84
81 70
32 9
86 85
53 80
15 20
14 9
47 9
63 38
14 10
3 65
47 21
67 11
53 89
20 71
35 17
19 47
49 8
50 43
60 0
65 72
21 43
55 47
77 35
22 37
67 29
91 65
94 5
77 96
80 7
23 16
68 65
98 8
24 79
62 79
6 91
20 44
0 15
3 9
21 91
81 10
18 71
25 11
29 44
99 84
21 54
43 85
26 70
69 95
14 53
84 66
8 25
98 47
49 46
52 15
80 99
58 29
41 78
61 20
93 42
47 92
51 28
99 87
15 40
33 95
56 84
48 23
31 73
46 30
54 61
76 59
97 53
72 89
36 76
11 84
36 35
70 60
71 82
94 66
86 83
30 49
77 38
78 79
14 5
18 60
65 73
41 6
96 40
14 46
93 76
6 34
24 91
87 87
11 17
17 45
99 72
68 25
5 66
45 1
77 88
0 66
94 72
61 67
45 16
77 81
38 1
31 43
97 11
92 62
97 15
12 84
31 9
58 46
57 68
46 34
17 22
85 32
11 64
41 55
57 0
25 94
54 93
22 22
73 61
7 97
17 10
43 21
97 31
82 60
84 23
61 94
40 38
33 97
54 7
4 61
88 14
22 80
86 39
71 28
86 39
98 63
49 81
26 97
61 43
22 40
58 65
90 36
5 70
75 30
82 39
92 79
40 9
39 88
41 47
54 84
44 43
95 52
39 55
96 95
32 11
35 14
19 37
53 61
5 81
13 50
20 47
35 49
95 1
13 26
19 1
35 95
33 3
2 17
90 82
10 40
29 69
44 1
0 35
57 4
86 0
17 6
19 34
82 81
44 43
57 61
52 73
29 69
55 13
57 34
35 21
76 31
48 15
75 14
92 3
95 14
35 21
60 2
27 86
69 92
55 81
45 45
29 47
73 21
50 3
34 34
1 48
58 6
34 83
26 52
20 1
79 74
84 37
54 65
17 38
84 76
45 64
61 96
37 23
91 75
8 32
15 42
76 55
36 9
38 36
99 8
31 38
77 81
78 44
42 79
92 38
2 65
73 4
91 79
57 86
59 29
95 92
78 69
12 50
45 97
92 38
60 98
5 36
73 35
72 99
78 89
84 86
85 35
76 50
53 60
96 66
4 52
90 6
76 88
18 57
6 94
41 81
49 93
46 4
74 43
67 24
12 27
85 30
15 97
36 76
9 87
26 12
76 59
82 68
96 95
37 48
64 3
40 29
44 89
91 63
38 53
73 44
1 84
48 34
25 39
15 27
49 72
11 53
77 0
38 97
96 41
34 11
76 33
85 6
24 11
67 83
75 58
16 48
5 73
56 43
3 26
17 80
74 78
12 35
96 35
2 49
70 34
8 82
57 63
24 72
36 35
66 86
54 86
96 91
84 33
17 51
56 94
92 10
47 29
16 52
73 65
34 13
15 11
79 50
10 54
78 83
1 28
73 6
22 40
91 56
5 93
40 3
14 50
2 88
10 74
39 82
3 66
35 71
31 28
3 45
18 34
14 99
7 19
67 29
21 33
27 65
70 73
20 92
87 47
86 56
33 17
25 83
36 17
84 44
22 32
25 88
58 6
12 72
77 24
24 54
5 17
39 1
49 48
22 24
44 76
97 85
61 53
47 30
70 74
74 16
27 32
88 12
90 50
61 59
9 82
81 96
87 51
76 48
51 54
32 93
5 2
62 11
6 35
73 47
94 3
39 36
24 88
28 96
58 20
96 46
65 25
0 89
31 67
61 22
88 49
36 69
42 96
89 6
84 6
29 5
48 69
29 86
23 18
10 71
98 5
30 19
46 10
44 80
21 74
98 2
7 14
13 42
14 7
31 38
14 67
41 94
92 55
36 80
9 5
61 19
25 8
21 60
92 81
30 29
25 52
35 39
58 24
36 83
35 55
50 39
54 41
92 17
73 75
30 96
66 79
33 67
16 34
39 91
75 41
76 84
34 56
33 10
63 72
40 76
71 67
89 45
94 45
63 94
25 89
93 84
17 1
10 26
27 34
31 90
39 51
25 37
94 83
95 92
11 81
21 92
39 12
1 20
63 19
60 62
66 98
53 50
88 86
37 22
6 94
90 75
31 62
50 64
63 68
6 97
62 29
72 81
78 65
84 28
93 90
54 67
69 6
80 40
73 75
85 66
17 46
51 25
68 83
81 26
25 88
56 69
47 84
44 78
50 43
13 34
51 79
74 46
62 96
92 97
69 63
87 46
43 91
98 88
2 46
48 61
86 63
88 81
0 72
53 63
61 1
76 32
11 97
14 79
88 21
16 61
80 39
6 38
25 41
56 39
57 6
75 94
65 80
83 75
55 74
39 36
81 40
74 51
79 81
93 99
80 76
25 72
42 14
30 31
88 79
64 92
93 11
13 30
37 75
71 56
53 0
75 42
24 96
82 84
32 86
59 16
59 98
38 2
62 93
79 27
73 98
38 22
37 67
38 23
99 54
91 97
2 14
24 11
62 80
56 57
86 65
57 96
27 63
47 23
53 0
30 47
47 97
38 6
90 99
26 43
31 62
95 69
14 4
82 88
53 80
29 96
56 58
22 13
77 54
28 7
60 18
26 63
61 49
73 82
52 94
45 76
37 54
43 7
72 81
2 65
7 89
80 56
32 60
22 97
52 63
34 54
1 56
67 24
82 2
22 59
31 93
60 56
68 24
48 49
94 81
67 87
22 75
97 60
0 27
86 22
86 55
60 1
28 45
86 64
71 75
86 41
99 99
63 34
2 8
58 62
2 33
89 44
80 46
17 66
57 5
33 46
61 70
14 14
67 74
74 1
68 96
99 0
4 34
4 9
97 15
39 78
21 21
73 78
86 48
82 57
31 27
15 44
82 51
17 94
40 90
83 97
5 71
51 41
57 14
33 95
34 28
65 65
10 84
54 44
27 72
55 89
54 92
44 4
5 87
32 38
80 94
62 70
66 5
70 30
11 8
25 91
80 73
23 19
3 23
60 13
49 16
33 14
97 78
61 66
42 74
35 44
19 50
54 79
50 85
30 37
54 16
85 41
25 43
46 36
98 25
16 75
78 80
98 48
98 29
33 14
88 43
15 42
25 73
63 3
14 32
17 28
10 21
12 41
72 48
9 16
69 7
73 65
99 14
9 7
99 10
89 20
60 38
35 94
38 40
22 40
70 81
63 37
70 68
98 35
48 32
0 83
86 36
43 35
48 63
35 75
13 77
88 68
63 8
39 94
65 50
58 29
10 34
42 95
68 92
99 15
34 47
51 33
61 41
35 52
45 25
58 32
88 41
82 26
51 77
84 37
19 92
59 98
18 39
76 66
34 18
32 58
94 88
7 58
40 42
51 34
65 96
4 59
7 74
51 78
32 76
69 47
80 13
9 87
93 81
28 77
41 94
76 86
15 55
91 19
42 46
58 80
38 20
77 34
28 38
40 21
4 74
70 47
68 86
21 20
60 56
11 94
25 27
36 40
3 57
35 2
82 22
45 71
78 40
91 35
73 82
48 69
49 18
12 63
3 38
66 69
92 63
44 76
65 13
78 77
16 42
84 1
85 57
34 69
18 80
44 72
71 85
43 88
68 61
93 18
9 54
81 54
82 47
27 15
39 74
68 31
99 1
97 2
11 68
8 87
82 69
72 55
86 77
18 52
17 94
96 32
81 46
92 16
13 19
4 71
29 87
94 92
84 95
38 27
88 26
7 21
73 43
57 26
17 14
60 95
4 86
42 26
48 13
26 69
52 40
32 68
88 23
42 26
23 63
24 62
47 60
40 48
57 45
29 91
2 13
53 55
57 45
1 18
78 12
68 18
18 38
10 63
4 72
26 55
87 18
78 61
25 21
38 58
44 92
28 89
15 78
74 94
23 50
84 61
7 58
64 12
52 84
19 78
69 86
53 41
66 7
0 39
27 22
29 97
67 75
4 59
65 36
94 19
4 26
51 39
42 24
57 85
14 90
13 66
42 70
60 38
38 95
7 48
59 63
2 51
82 95
87 39
32 8
49 53
86 68
39 1
93 5
15 51
52 10
30 16
25 91
46 41
68 78
21 36
65 67
40 30
61 55
16 32
32 69
32 38
10 13
27 29
38 90
7 41
30 33
14 78
84 71
35 98
4 99
17 51
63 19
91 20
95 36
80 38
85 88
1 93
3 72
75 5
94 87
87 34
35 62
23 6
88 87
84 5
85 70
4 41
35 22
28 59
66 26
6 93
46 89
75 90
79 30
20 39
81 99
14 60
72 70
95 82
12 77
71 6
33 81
80 18
34 9
18 2
4 84
70 97
40 19
31 81
4 79
13 13
18 82
1 30
69 40
42 56
2 1
43 97
26 62
80 26
53 64
57 49
30 47
92 15
63 18
47 34
99 18
10 70
67 90
94 68
2 26
90 43
68 11
37 86
25 13
88 77
49 34
6 84
47 22
69 9
47 83
22 2
68 88
88 53
54 92
64 86
71 56
77 22
64 13
87 33
14 47
65 47
21 87
15 75
17 62
80 80
59 34
88 15
71 68
58 72
12 87
44 40
27 3
18 43
40 42
20 11
29 47
14 77
67 48
67 70
14 54
9 20
73 82
38 90
88 46
52 34
41 29
97 2
43 75
38 81
52 20
60 42
57 38
88 41
25 1
3 1
40 63
57 94
27 28
59 91
82 52
6 79
80 30
11 64
76 91
44 80
94 60
92 67
7 20
81 81
33 53
61 80
9 29
35 24
66 31
64 31
74 88
41 47
3 59
38 30
35 44
84 52
28 1
59 75
11 64
99 31
0 1
72 71
61 95
63 8
6 8
31 72
68 30
84 42
20 8
59 52
55 97
86 37
56 35
37 64
13 19
30 33
5 0
96 18
86 81
42 33
63 67
98 28
24 95
76 36
44 96
45 67
51 59
23 11
8 84
95 92
17 36
64 53
98 63
22 50
62 80
51 58
56 35
64 22
18 75
68 29
95 96
0 93
58 42
78 46
93 22
28 90
11 80
47 97
29 26
1 73
87 96
78 73
10 69
90 97
13 1
24 26
57 39
89 63
37 1
80 15
50 49
96 9
34 50
30 64
87 48
41 81
7 0
60 33
85 48
31 79
30 46
52 57
54 14
35 62
28 64
3 88
93 90
84 83
47 23
78 22
32 81
83 80
63 41
40 90
77 41
39 75
5 21
5 91
45 68
26 21
31 0
65 70
68 93
75 59
66 83
30 35
88 35
62 28
42 11
10 32
18 7
91 73
62 47
14 93
27 70
43 19
26 53
30 30
28 29
9 33
23 53
42 35
23 71
38 28
22 69
38 11
12 63
62 13
77 19
55 93
32 16
61 86
48 38
36 34
93 26
58 53
6 30
10 86
68 48
36 35
29 55
73 11
30 52
84 47
82 6
49 21
96 89
20 69
90 80
73 84
19 42
55 47
54 21
47 84
28 80
7 19
16 46
38 80
49 71
89 79
24 48
27 39
91 97
85 27
92 11
37 47
2 14
27 91
60 3
72 89
79 67
99 31
51 94
70 70
45 44
2 61
8 28
33 9
92 42
83 38
50 34
2 18
69 49
95 45
72 31
18 65
61 74
85 7
22 58
51 93
70 82
6 25
22 70
56 90
44 9
2 93
12 97
90 99
89 37
9 85
86 98
27 68
90 52
35 63
37 3
39 29
40 90
18 23
78 71
94 74
63 85
58 68
13 21
32 81
66 58
48 36
58 4
26 91
13 43
79 31
91 5
74 27
10 95
12 88
35 3
94 53
65 36
0 51
42 98
73 96
4 53
17 68
91 92
44 92
52 80
13 91
65 43
3 93
37 50
58 30
79 78
77 50
74 58
31 83
40 95
32 4
47 54
50 6
47 42
95 93
29 54
20 43
95 5
54 9
17 94
88 82
8 46
45 87
77 4
20 18
0 57
77 65
74 12
78 87
0 79
34 16
69 78
16 63
1 88
31 81
14 64
28 57
79 70
77 88
4 86
29 57
73 31
52 35
66 8
89 29
51 99
65 51
67 59
13 80
91 60
19 51
60 80
68 13
0 48
62 71
85 67
16 56
90 6
78 42
11 9
4 38
51 73
64 80
57 91
48 72
92 32
44 93
26 25
56 64
66 88
2 89
21 39
1 84
38 14
58 74
29 8
2 97
38 46
92 93
73 94
88 64
49 21
49 81
54 35
34 33
91 8
11 26
79 52
62 87
58 26
69 19
12 88
91 37
70 2
85 5
20 77
25 65
66 18
83 18
18 39
44 27
9 93
49 2
69 44
77 35
10 18
1 2
87 58
7 12
56 68
53 0
74 44
52 65
59 56
8 76
99 93
53 40
41 42
83 98
65 43
14 74
74 79
56 5
88 82
83 49
96 76
90 94
11 50
84 38
4 6
99 91
12 37
22 75
95 56
61 96
49 38
71 70
50 33
82 18
81 15
10 32
6 67
67 35
47 80
1 71
92 49
9 31
79 37
74 88
63 14
75 78
66 4
42 2
57 47
1 55
3 1
45 21
22 25
65 71
97 69
8 67
5 5
33 32
86 88
61 83
92 2
98 22
7 10
15 97
0 62
51 70
62 14
99 28
67 1
10 46
50 18
76 16
5 1
47 58
26 36
63 12
84 76
77 74
23 16
4 1
39 26
12 9
1 43
52 49
19 92
73 72
30 78
33 85
13 74
71 9
95 21
53 11
89 37
72 13
41 69
87 73
18 62
42 90
2 43
8 24
40 69
71 93
29 62
71 58
32 31
2 49
25 73
2 64
48 93
55 14
91 78
3 57
5 30
79 92
79 52
68 81
78 41
30 53
79 38
43 67
92 57
51 43
16 77
7 4
53 55
11 19
35 38
53 41
83 3
6 95
21 6
59 93
39 60
57 93
11 65
96 64
99 7
38 85
7 11
58 13
51 80
31 39
42 70
32 1
90 57
80 43
16 58
38 82
10 49
0 19
63 92
7 45
23 46
96 36
39 79
46 20
40 27
24 10
15 22
60 25
52 43
76 48
23 92
87 89
98 8
24 41
73 94
11 90
78 45
0 57
24 73
48 42
70 69
73 8
32 93
25 17
78 86
6 86
8 75
56 67
0 79
0 93
49 68
8 95
68 18
42 74
42 40
78 37
50 14
74 1
67 43
72 66
67 53
34 33
65 72
49 86
64 3
12 81
73 69
58 73
87 82
19 13
9 88
71 87
68 45
67 29
1 26
8 6
69 49
33 29
99 98
68 0
26 7
93 43
92 10
50 14
9 31
78 29
80 14
27 82
71 86
37 28
86 11
69 54
22 22
50 46
14 98
79 8
37 80
14 13
57 58
99 32
0 1
7 78
45 74
6 0
89 70
15 31
74 33
52 15
15 91
18 60
54 39
37 93
43 29
27 94
25 11
49 49
10 63
75 83
30 79
1 32
72 37
10 40
20 13
16 67
92 20
76 40
94 78
31 57
34 60
32 50
52 50
41 39
40 70
93 98
64 66
92 50
93 30
4 20
54 98
13 12
17 10
72 88
83 95
8 47
59 57
2 49
34 49
42 92
81 42
21 42
14 26
25 46
8 6
99 72
70 90
92 61
6 5
74 41
74 97
76 59
18 77
93 87
35 76
80 14
11 74
91 67
18 12
74 55
61 57
3 90
33 17
64 45
26 88
87 36
17 13
8 73
98 20
67 96
22 86
12 92
56 6
20 57
78 63
6 99
47 17
2 40
47 64
97 10
2 16
98 4
40 94
34 85
73 21
2 4
32 24
57 61
33 47
63 28
71 12
86 50
83 65
30 16
15 7
92 83
42 53
3 44
1 53
49 71
1 61
85 7
73 30
95 75
46 85
61 64
77 83
36 90
42 47
63 80
83 9
75 40
10 6
46 90
98 89
42 91
95 60
16 65
21 31
66 1
15 75
25 46
76 19
11 20
10 88
55 91
25 63
5 41
18 87
80 37
64 63
95 53
91 76
72 70
56 43
7 55
16 86
15 52
88 93
56 56
63 51
40 9
58 48
27 26
69 49
5 48
3 54
87 49
36 48
8 83
61 79
49 69
76 26
35 95
64 32
81 98
31 41
97 58
34 69
23 51
53 20
95 53
19 71
22 20
8 46
93 58
89 3
53 59
44 5
70 20
33 53
89 95
96 69
47 94
41 22
64 24
76 99
40 11
24 10
5 52
29 87
69 21
96 6
70 21
88 14
43 37
87 99
12 41
27 56
93 73
66 90
87 97
99 31
71 50
61 58
95 83
44 62
62 58
42 69
48 36
96 83
62 24
90 71
11 82
13 93
11 51
74 17
86 10
69 63
1 62
16 60
84 67
53 32
39 59
23 31
99 62
8 45
44 51
10 57
5 12
27 17
93 48
93 72
51 80
56 52
84 4
71 19
57 42
40 36
13 42
35 53
96 44
51 79
16 64
82 72
78 77
64 32
8 16
59 11
38 9
78 30
90 98
83 60
93 54
8 19
75 93
81 55
2 43
38 2
18 98
16 20
75 68
6 89
35 7
40 81
89 46
76 64
95 1
75 66
36 9
51 32
93 31
66 48
45 65
5 37
34 61
86 99
67 24
87 9
66 6
76 23
50 28
42 2
58 33
77 46
55 18
11 68
16 72
66 64
18 68
36 85
93 88
73 90
54 71
61 55
38 27
10 33
57 66
92 29
11 51
87 32
13 49
53 27
67 64
57 65
68 26
39 49
38 17
25 8
32 16
69 64
30 19
23 62
72 59
58 5
2 69
6 75
70 82
93 16
18 23
54 96
75 93
73 46
86 83
29 51
26 79
2 79
71 99
95 90
25 53
91 61
24 9
70 92
14 77
34 15
49 61
43 64
80 40
84 60
0 86
74 43
19 96
78 21
95 77
14 50
67 43
64 42
76 53
55 50
94 50
2 82
89 26
74 67
50 87
38 86
88 95
53 1
24 23
59 14
52 67
0 2
83 40
37 60
42 51
68 10
53 57
39 10
73 62
40 57
49 1
20 61
6 4
60 29
16 92
34 89
69 12
80 93
16 38
22 70
78 50
95 91
96 78
6 70
86 45
1 79
1 36
33 24
83 82
59 58
63 23
75 54
19 55
15 0
70 12
51 68
25 65
14 66
58 37
87 72
86 88
21 37
27 91
75 28
62 89
88 40
29 80
74 91
17 74
69 82
82 86
7 59
95 42
46 2
31 74
86 0
47 61
63 54
74 14
84 60
32 58
49 21
43 80
79 53
23 8
78 32
42 68
32 19
82 60
83 56
39 14
22 79
21 9
0 14
83 69
30 21
23 79
52 3
20 53
85 35
46 65
14 58
45 78
80 99
24 95
81 40
35 59
72 9
99 69
36 91
93 73
95 46
13 50
39 10
12 81
81 7
0 49
48 63
72 57
32 92
72 91
71 25
62 35
33 61
56 15
83 82
36 84
83 17
26 93
26 91
28 22
3 45
52 68
94 7
5 23
15 29
51 24
86 8
60 40
50 84
79 17
49 78
36 15
20 83
60 2
95 21
39 58
43 66
71 22
30 7
15 45
83 51
35 66
26 4
34 32
26 29
61 78
85 21
50 94
80 74
93 99
69 97
77 47
81 62
79 83
73 71
6 44
6 6
43 94
31 26
47 73
84 93
44 33
45 15
29 30
65 90
48 42
35 75
71 99
44 64
3 52
79 30
43 50
5 45
0 10
77 5
87 17
95 43
48 84
79 21
81 13
53 70
62 18
22 98
8 5
53 76
87 63
35 73
49 49
60 64
48 19
39 66
78 63
88 24
35 98
16 91
15 53
17 99
10 15
58 3
40 4
13 48
16 81
34 79
44 71
67 0
6 94
67 57
65 59
11 84
83 7
48 96
62 5
12 65
20 85
43 49
80 54
9 30
21 7
9 53
45 30
74 97
2 1
79 49
60 33
64 14
43 75
6 5
86 72
16 63
25 48
80 89
98 26
24 18
78 3
22 87
59 57
16 34
13 10
28 39
65 1
67 79
80 34
60 5
44 12
23 65
71 88
75 95
33 40
85 45
76 67
9 0
26 95
18 40
22 19
6 14
46 23
91 50
72 44
44 77
55 60
50 16
21 53
2 66
78 32
75 22
78 26
44 1
42 74
56 43
29 30
4 15
30 75
33 72
6 69
67 24
63 0
65 68
40 27
74 58
91 54
99 31
28 75
1 89
72 69
90 50
75 5
55 45
5 53
37 0
47 1
73 75
12 99
24 44
78 90
6 52
27 75
77 61
83 8
94 53
68 72
4 73
14 46
92 97
88 97
3 59
41 69
5 50
3 43
3 45
62 91
84 84
30 9
21 10
6 84
1 40
48 59
97 65
45 44
85 50
58 31
51 52
75 27
85 88
35 31
61 46
60 72
26 13
45 89
58 18
45 59
75 23
90 86
27 22
9 31
71 14
88 96
84 52
49 36
27 58
33 76
47 60
57 14
62 28
7 64
38 92
20 93
3 29
1 57
32 75
64 99
61 82
76 14
96 43
44 85
24 15
84 8
97 75
80 26
14 0
48 60
95 89
0 6
11 43
81 96
9 69
41 8
69 12
88 54
65 12
15 28
68 8
36 72
99 86
33 82
83 66
29 26
86 1
64 54
57 77
27 72
37 51
85 18
9 80
12 5
56 92
30 87
87 76
1 32
57 98
33 28
0 14
37 23
51 27
69 89
74 30
30 71
18 46
50 85
66 21
34 2
20 18
2 49
12 80
16 97
34 18
43 35
71 91
88 94
85 75
50 99
62 59
43 26
38 50
7 1
96 96
36 96
63 3
22 97
81 40
80 93
43 99
67 74
2 70
27 30
70 95
87 68
89 79
44 58
6 66
97 87
90 21
58 53
75 99
26 85
96 99
89 62
52 32
58 87
2 78
93 73
72 40
4 81
30 63
43 97
46 74
14 29
78 3
2 24
34 97
26 96
34 25
32 94
13 14
42 9
87 68
18 82
12 8
38 20
27 6
76 93
6 59
57 16
22 38
34 73
2 97
83 78
71 43
24 95
66 52
66 44
69 83
99 93
98 3
4 66
94 97
9 40
86 81
6 69
91 19
45 47
31 8
0 79
22 69
81 87
70 27
75 60
3 92
91 30
58 69
94 36
12 44
0 56
37 7
54 34
57 90
60 8
91 10
58 79
73 6
40 76
39 91
71 25
79 18
14 97
35 57
45 40
1 50
72 32
32 10
68 33
92 86
90 3
72 58
84 26
74 55
71 13
71 39
93 39
19 10
80 78
99 91
40 92
48 40
6 16
31 6
64 81
40 68
79 25
52 81
14 28
86 0
37 34
51 40
30 66
56 40
98 77
36 72
71 35
15 61
13 64
46 82
67 57
48 55
35 48
57 82
32 33
33 20
63 23
18 1
76 7
18 71
35 42
83 8
11 81
28 90
65 20
9 2
80 43
1 88
55 1
39 6
67 82
46 83
35 80
98 75
45 20
8 24
24 9
36 10
43 69
52 22
94 76
3 3
19 54
83 99
70 88
32 69
22 49
91 82
32 53
69 49
89 6
32 10
55 27
70 67
27 77
55 78
65 4
70 61
76 98
18 11
0 2
95 30
81 75
6 33
67 10
97 56
38 90
96 62
82 90
55 42
3 76
9 69
65 60
64 27
92 23
66 4
98 13
99 21
73 1
28 11
6 27
96 99
74 66
45 75
89 47
5 36
56 74
53 0
47 48
98 62
46 1
54 83
75 42
41 47
5 65
33 45
52 68
6 91
49 28
59 30
82 95
29 93
49 7
1 63
22 56
67 29
35 12
51 44
39 94
37 24
61 37
69 58
94 13
53 20
97 98
89 35
35 8
83 64
87 47
63 41
66 21
93 1
98 60
90 2
59 88
55 71
70 56
47 63
58 87
43 77
64 70
89 85
48 16
46 37
88 63
24 75
79 25
10 62
51 53
76 70
30 55
14 49
75 21
57 28
23 32
78 63
38 31
49 4
79 26
48 81
19 89
71 96
94 37
75 95
90 63
52 80
12 17
24 62
92 2
85 80
69 42
4 53
21 36
62 37
86 98
7 32
85 26
62 93
34 6
32 64
56 63
29 55
26 69
79 17
22 98
88 4
69 23
26 96
91 39
92 52
52 3
28 5
72 75
87 13
19 31
45 38
32 87
54 43
83 94
24 98
4 9
61 7
22 97
67 48
7 95
3 77
22 67
35 53
47 66
11 93
66 59
62 93
82 73
12 85
95 90
95 62
58 99
70 21
24 70
37 4
38 88
66 94
3 25
36 35
50 64
98 93
50 52
18 12
15 87
91 41
30 68
11 41
84 32
81 4
0 64
98 68
63 34
19 14
63 33
62 88
70 66
52 64
7 57
38 52
82 31
15 66
57 92
46 6
91 36
32 2
0 46
99 53
74 85
72 99
66 27
30 20
38 67
45 14
5 65
98 13
47 3
43 69
35 70
26 70
66 75
29 83
39 4
76 43
75 90
70 5
1 91
45 14
98 26
52 45
37 90
58 66
55 69
41 85
85 31
32 84
78 73
17 44
22 38
17 29
79 95
93 82
55 25
93 27
38 73
51 10
26 55
34 23
57 60
39 39
58 81
60 45
33 27
7 37
55 64
98 80
13 13
28 95
77 82
18 54
91 31
56 92
21 36
61 37
85 4
10 47
98 45
65 85
89 91
17 37
1 82
46 35
49 24
97 74
5 92
82 36
37 60
19 29
1 21
61 4
83 97
58 48
77 63
53 79
14 58
33 76
53 72
42 7
68 41
54 39
14 68
67 16
30 16
30 13
6 50
8 23
40 99
26 6
32 92
82 44
18 85
12 80
29 98
90 20
97 38
64 98
65 43
11 47
4 87
44 33
36 80
31 3
87 38
96 74
90 66
29 35
59 58
78 94
47 40
42 33
8 93
23 82
20 59
32 56
38 29
88 97
88 77
41 95
37 38
46 32
7 75
94 80
37 35
27 61
83 59
6 51
86 13
31 83
34 46
6 76
57 62
27 40
53 62
76 52
77 23
97 15
72 53
29 21
98 99
58 71
76 97
9 17
58 5
91 14
87 46
95 83
95 6
61 51
83 72
86 42
75 17
5 48
96 86
70 0
68 37
72 80
58 15
32 47
96 43
44 47
59 21
13 56
66 45
94 13
91 21
48 32
43 76
26 15
87 73
76 1
83 67
10 65
89 22
7 35
53 98
34 77
23 10
62 20
62 64
97 31
20 43
86 34
38 21
23 23
50 30
24 53
21 72
10 26
26 40
22 11
56 6
73 57
11 37
28 70
17 45
16 0
6 20
48 69
63 38
94 4
79 88
78 88
8 36
52 86
88 11
17 15
81 39
45 30
85 42
84 43
81 37
61 9
14 50
34 97
62 80
73 79
5 29
22 45
83 71
82 98
51 22
83 92
12 97
2 97
35 45
25 82
46 21
17 34
71 44
95 49
28 32
97 96
13 48
91 40
91 25
86 97
23 76
2 98
82 16
31 81
80 50
33 40
82 76
0 10
29 65
4 34
96 76
73 22
85 89
79 95
94 78
50 16
41 27
36 60
62 60
93 99
1 45
70 77
39 81
1 61
73 91
21 0
46 98
47 18
64 48
24 71
63 6
64 74
33 78
74 78
9 29
16 55
68 98
93 56
9 82
14 72
46 49
58 34
39 77
97 3
91 34
27 7
79 57
56 16
89 13
19 30
17 55
0 48
88 25
6 17
98 86
29 15
52 79
79 0
78 93
41 18
28 5
68 77
72 4
56 10
31 64
97 98
0 34
44 63
22 26
69 78
88 4
47 54
27 41
3 35
11 93
65 95
9 2
83 33
45 89
63 83
6 15
54 38
42 63
54 43
64 85
94 88
42 10
36 75
64 7
36 83
30 91
57 25
86 81
27 0
82 85
12 52
23 62
20 83
78 0
4 93
33 31
12 14
65 11
99 93
54 33
0 27
76 62
79 52
77 83
77 78
80 69
44 88
84 53
81 68
48 43
39 36
77 10
44 22
8 79
14 74
82 23
8 28
64 82
57 18
64 58
62 38
78 75
35 56
91 84
37 42
44 46
7 89
9 20
94 56
99 86
87 47
26 34
91 49
55 95
61 12
51 48
27 61
92 45
96 47
68 0
18 57
99 71
24 60
96 3
54 33
46 36
67 27
61 64
99 99
20 74
89 25
8 67
43 34
55 78
77 70
38 27
98 72
23 41
9 44
74 21
0 45
2 98
38 54
88 66
34 90
11 93
82 30
97 21
97 18
38 45
28 97
49 75
7 20
7 11
87 29
68 49
99 55
62 6
20 30
5 9
57 9
56 89
47 62
14 57
64 16
29 48
7 87
81 2
63 12
52 71
19 97
69 10
0 3
35 29
69 40
71 7
8 52
64 2
62 43
73 74
69 37
56 18
35 56
71 82
3 93
36 8
66 81
93 14
76 71
7 0
44 67
38 26
51 88
50 69
77 21
92 22
96 65
32 23
75 49
22 37
14 23
18 74
95 76
52 16
48 40
8 81
10 77
23 80
70 61
46 24
73 37
78 96
77 55
40 59
26 62
94 41
42 61
99 21
9 64
87 20
95 77
50 74
31 66
32 99
32 18
93 69
74 19
72 12
0 40
13 58
87 18
11 13
81 47
26 33
79 53
65 14
80 80
83 5
43 87
40 94
62 20
42 38
36 18
37 62
36 91
26 48
95 98
94 56
48 90
59 94
82 44
83 66
18 25
9 72
18 80
44 93
68 31
93 65
19 15
33 90
46 53
3 25
58 6
87 56
11 78
98 52
30 57
32 64
46 29
4 1
31 44
38 72
46 54
19 45
86 41
48 24
10 81
40 81
52 69
64 48
26 34
60 23
71 39
64 72
56 48
22 86
95 4
77 91
44 69
43 77
6 57
35 73
60 0
50 13
25 71
31 48
1 91
4 20
89 26
27 43
88 45
65 86
58 71
46 90
29 97
61 59
47 11
37 59
16 45
20 7
92 57
15 20
63 24
34 53
39 16
62 39
37 93
8 93
36 18
56 93
59 66
17 50
49 74
26 55
49 25
86 24
7 59
45 48
29 14
67 35
46 23
40 77
21 3
76 95
53 41
47 72
72 75
0 78
88 79
3 86
53 56
25 53
24 0
39 60
99 81
94 11
38 91
93 86
6 28
36 84
64 91
51 15
65 1
10 71
75 13
99 86
70 25
60 16
72 29
15 5
61 56
23 88
11 85
14 44
17 60
32 12
31 44
1 58
49 59
89 85
95 52
3 45
1 97
59 67
42 18
81 73
55 72
3 73
1 64
58 81
26 34
56 67
84 2
20 90
62 6
95 80
32 34
33 29
97 43
3 93
4 93
76 77
76 8
61 44
43 41
73 71
29 22
77 37
56 86
92 77
54 38
27 13
74 17
71 60
28 40
15 45
24 77
32 78
37 80
5 4
11 20
72 8
5 9
74 70
18 15
66 68
2 94
97 38
81 85
24 1
20 7
63 9
7 12
45 14
70 82
20 24
15 64
58 67
91 83
39 55
44 58
17 32
30 50
98 8
13 11
97 67
83 37
64 68
29 99
36 11
99 76
33 78
36 58
99 4
7 71
41 2
8 46
81 84
86 27
61 80
69 94
85 28
15 30
41 38
66 61
23 75
60 70
52 33
53 13
60 58
93 14
95 65
92 65
23 51
70 17
2 4
82 24
48 27
96 93
30 31
2 83
53 28
80 9
97 25
56 30
59 19
9 20
93 54
10 59
2 83
65 87
10 33
56 10
75 28
68 7
15 31
84 36
63 73
5 81
97 54
99 65
19 90
2 8
40 19
46 97
6 75
80 46
24 16
67 90
80 75
85 27
21 82
1 17
59 98
69 81
95 88
7 1
49 91
6 2
83 70
94 3
84 2
39 6
88 4
90 60
73 64
25 82
19 96
77 13
0 70
21 9
76 59
76 42
27 23
7 3
50 85
40 60
15 26
90 57
63 8
75 68
62 3
82 75
26 49
72 69
47 43
37 43
7 64
38 53
52 36
10 19
46 7
18 9
35 22
61 62
52 14
68 56
78 85
73 83
0 86
82 53
19 80
4 97
60 33
29 22
24 63
75 93
54 12
22 13
12 82
7 23
3 97
90 59
49 48
33 58
83 81
74 92
28 65
71 95
27 95
84 56
68 88
13 18
2 75
89 25
75 78
98 85
45 5
33 63
63 85
20 91
91 7
86 66
18 62
3 2
37 79
12 28
3 8
94 85
63 2
54 93
47 66
24 99
12 82
52 85
9 1
40 78
86 5
20 53
94 20
14 89
69 43
25 93
45 1
64 31
19 0
95 84
45 51
66 58
59 68
81 92
62 82
90 96
6 13
21 14
87 65
44 37
11 49
3 36
39 33
32 67
37 5
86 90
15 87
51 25
75 75
82 48
30 34
18 57
39 37
0 40
90 10
83 62
64 19
98 97
52 10
22 10
86 58
76 64
99 75
33 9
2 43
92 7
82 39
92 48
79 12
7 9
57 15
10 59
39 79
93 39
20 30
77 84
20 57
49 46
65 68
46 21
23 44
15 75
49 35
31 98
0 5
92 21
6 57
20 29
24 52
50 51
36 99
31 20
2 39
89 99
43 32
83 19
66 87
95 52
55 5
13 7
21 54
12 73
81 58
98 79
55 58
91 12
23 11
66 91
72 72
55 48
27 85
20 28
40 38
7 31
21 12
64 86
75 90
91 49
88 96
12 26
45 84
81 23
97 5
87 76
87 89
73 5
1 57
53 86
96 38
68 92
26 74
97 51
1 13
57 56
93 57
85 58
17 84
19 11
71 69
18 28
74 20
5 5
47 62
66 1
62 88
63 6
14 86
80 59
87 55
42 59
28 83
63 70
40 77
43 61
84 11
35 10
77 31
84 76
43 31
26 56
47 90
10 37
21 96
32 74
66 44
77 81
47 25
72 34
29 47
55 80
72 15
1 87
17 84
46 71
93 7
90 76
38 10
1 39
48 64
95 3
44 12
67 3
36 55
97 95
40 11
1 1
63 85
2 39
93 9
62 98
27 88
2 61
31 47
30 85
22 2
27 23
11 19
88 60
74 89
38 5
77 83
22 12
50 73
72 77
13 32
42 88
7 13
22 45
35 0
27 82
96 2
41 21
35 25
48 49
38 30
51 55
89 12
5 92
52 47
0 94
2 47
96 66
56 10
66 79
5 67
25 84
88 72
37 58
91 59
95 54
63 28
12 78
67 42
97 46
82 55
29 53
91 81
73 11
91 19
1 13
37 11
28 7
76 5
34 2
67 43
76 18
45 82
80 81
84 90
89 1
14 66
57 26
24 90
25 28
55 64
85 8
12 92
8 92
0 71
6 92
99 35
80 74
44 73
40 13
54 30
71 10
22 22
62 91
25 98
40 80
56 85
56 67
12 38
41 35
59 96
75 12
64 25
96 45
49 63
24 62
39 8
69 12
2 24
18 66
95 61
73 85
94 34
11 63
76 9
74 91
85 14
54 20
85 3
81 12
39 33
88 87
43 98
83 76
80 17
75 79
45 35
53 52
34 84
61 79
77 65
89 5
66 46
43 41
98 87
34 14
27 43
4 60
16 10
79 58
78 60
9 31
68 4
13 15
31 85
44 40
73 94
36 44
55 97
26 18
48 99
18 48
15 6
67 59
20 82
28 73
48 32
50 62
63 24
14 66
37 74
10 73
31 88
72 69
98 82
39 92
94 58
68 30
5 12
58 65
62 56
1 89
96 23
44 87
78 12
99 52
69 68
68 19
95 3
88 63
38 68
41 50
36 79
89 7
57 3
9 5
59 3
11 71
64 44
93 95
37 18
71 46
66 65
78 54
58 60
14 99
44 5
77 50
22 84
57 43
93 37
8 9
6 59
70 39
51 50
51 81
77 91
73 43
32 47
20 65
19 77
12 77
14 92
43 60
13 84
16 99
99 20
27 17
79 28
94 69
54 47
91 18
45 16
18 64
32 12
26 77
27 76
51 84
7 41
91 86
44 95
45 23
19 6
25 10
95 46
34 91
96 58
72 81
69 3
90 53
93 74
15 57
36 39
35 32
12 16
88 77
96 65
66 55
27 1
84 8
52 45
15 36
93 51
44 23
50 2
73 77
67 60
60 46
20 52
72 27
76 61
28 19
96 6
61 89
25 24
34 70
25 61
62 14
93 82
5 36
39 23
23 97
39 82
21 59
22 29
38 26
43 4
85 44
16 62
91 16
8 11
60 32
99 90
69 65
5 83
8 51
28 44
99 92
51 32
42 85
71 88
12 16
17 21
88 88
36 46
80 78
37 78
70 72
8 64
68 55
96 75
93 76
90 76
62 39
78 18
23 20
2 40
47 3
35 4
21 94
53 64
60 43
95 93
19 71
59 16
61 1
31 20
20 92
39 27
44 65
49 68
47 99
31 65
27 55
88 94
20 78
38 25
30 4
98 72
88 20
8 36
86 50
68 3
65 19
74 4
45 27
62 18
88 35
51 74
76 93
1 81
40 33
7 74
59 13
54 11
42 81
20 57
53 67
29 88
63 21
64 17
73 36
40 60
36 43
1 13
54 65
56 2
22 59
57 45
87 41
36 58
31 62
38 4
68 47
94 88
31 32
27 1
32 61
68 30
68 84
29 25
56 42
67 14
63 59
27 80
22 21
39 9
91 40
18 35
16 72
74 97
9 95
26 64
33 62
56 16
15 89
95 19
47 85
10 19
45 50
1 49
12 41
60 8
48 35
93 76
12 14
4 29
21 96
70 43
57 54
14 55
95 99
76 1
63 13
15 35
0 51
44 22
37 11
17 84
81 6
42 86
10 6
55 43
11 55
73 72
56 14
78 29
46 93
51 44
44 35
84 33
18 23
95 2
16 70
28 43
49 22
21 16
68 68
16 46
10 42
1 20
14 5
10 7
89 92
52 88
62 50
72 92
73 1
6 88
70 76
5 47
73 90
31 60
11 79
13 32
72 26
30 55
22 16
68 6
4 60
84 37
64 51
68 82
58 30
42 82
91 82
86 66
21 59
50 69
3 76
30 40
63 22
79 10
74 94
8 89
51 96
34 96
64 86
51 50
89 58
78 15
7 27
73 26
48 85
5 63
76 18
9 26
43 47
76 15
64 76
76 3
82 45
63 99
80 58
65 92
98 8
34 87
49 12
94 97
68 63
29 94
33 22
60 62
22 0
33 4
93 22
82 14
64 90
45 48
65 64
47 88
41 12
42 26
51 24
71 69
39 65
36 14
80 95
82 36
31 11

3371 1603
29 15
97 65
22 88
34 9
11 91
27 66
21 44
11 96
83 12
26 9
78 68
17 3
59 70
40 16
17 24
21 78
11 68
54 83
96 70
62 84
77 48
36 38
99 13
96 57
86 79
2 69
89 92
45 13
15 71
56 54
85 56
27 88
81 8
80 14
18 9
35 36
29 38
27 28
23 74
30 6
36 86
76 53
92 60
30 25
96 41
52 50
91 31
9 24
17 95
63 81
0 85
43 29
65 18
50 80
57 53
55 33
80 85
51 41
31 41
2 17
21 53
40 56
11 76
36 16
68 11
88 92
77 49
49 58
54 3
16 51
89 18
29 63
36 19
55 33
97 6
65 2
12 66
31 37
40 32
51 19
18 90
97 71
7 98
98 21
4 34
65 79
22 78
52 89
54 53
16 77
75 72
97 93
59 33
25 39
28 10
11 25
22 28
1 90
28 63
9 77
90 75
98 21
50 81
34 65
59 78
55 37
65 59
64 64
91 29
22 59
41 95
83 54
70 46
65 6
69 21
50 18
26 45
78 50
83 50
1 49
43 43
87 25
55 62
2 93
36 87
51 10
4 15
79 30
56 20
51 85
77 55
65 72
26 57
61 48
54 82
85 91
34 51
21 70
53 17
93 54
97 31
63 18
57 37
23 73
45 81
86 16
54 54
43 95
75 46
0 89
47 12
0 49
31 99
95 14
50 2
35 21
76 8
42 29
28 33
84 67
37 22
18 32
86 81
19 44
97 37
42 88
1 89
4 38
4 6
43 18
95 66
0 1
15 54
33 34
64 20
41 1
68 58
32 51
14 41
70 41
16 49
27 44
73 28
64 77
55 49
93 55
88 4
70 97
55 35
7 8
34 54
87 21
78 94
35 7
30 46
86 39
59 87
60 43
40 90
65 84
61 96
99 51
49 10
11 15
12 32
32 41
58 30
24 12
42 25
95 46
82 15
37 95
91 51
4 80
0 43
94 74
66 70
15 44
18 24
94 90
66 60
36 72
44 53
98 23
9 40
45 34
2 41
3 59
49 28
51 71
69 90
23 95
49 88
85 57
54 95
40 58
36 17
44 57
84 99
73 0
59 83
12 50
9 23
6 17
66 31
57 12
53 16
69 27
32 89
47 93
71 43
12 19
48 27
39 32
93 86
47 25
12 85
48 89
76 2
16 51
53 63
71 79
38 8
54 82
97 70
39 6
99 27
18 73
56 7
2 85
37 9
6 40
92 42
37 29
63 93
17 11
53 85
36 68
38 95
52 72
5 51
56 31
91 15
78 21
93 61
72 48
34 30
10 27
54 68
24 29
82 85
63 80
77 80
57 55
47 80
47 10
48 43
91 20
87 21
57 25
55 52
53 9
93 58
61 93
27 36
81 65
29 42
28 69
78 25
0 32
14 40
98 34
21 14
95 37
42 22
30 14
77 68
9 65
38 40
13 82
79 13
38 29
91 31
59 60
8 51
28 40
74 58
9 57
94 25
16 66
5 45
53 20
97 87
65 98
48 97
57 34
42 49
61 93
74 97
17 64
23 15
62 33
53 95
32 84
1 92
30 39
41 20
23 36
57 43
76 73
89 56
2 89
20 24
37 13
0 59
73 93
51 97
20 20
89 15
96 53
47 54
42 68
64 51
19 88
34 28
54 3
47 90
63 87
56 7
18 93
82 74
75 87
51 0
49 54
79 57
72 74
76 76
15 17
46 19
29 38
76 27
12 50
59 38
4 32
92 26
17 90
83 9
51 58
57 21
21 37
39 70
80 13
68 13
78 63
13 8
86 9
66 43
53 60
85 53
97 28
10 96
41 2
21 69
10 78
39 43
41 23
1 5
17 44
34 78
49 32
76 13
1 24
26 9
9 91
0 27
63 11
59 25
27 50
66 69
99 55
65 11
36 78
88 91
22 34
32 7
82 70
62 99
98 41
10 81
77 21
38 55
97 17
26 79
69 67
7 30
15 94
49 24
66 56
42 32
47 82
44 59
53 31
56 77
78 47
79 2
76 73
49 78
8 78
69 12
29 3
24 80
64 33
66 39
83 52
89 35
24 26
99 86
0 25
62 60
20 30
97 9
26 87
70 75
14 63
78 36
59 88
45 54
64 41
95 72
36 18
42 16
62 61
57 30
25 74
3 71
48 42
64 61
3 86
25 67
81 34
86 24
73 4
86 29
47 23
25 26
0 14
37 68
12 87
49 20
23 52
21 7
30 3
80 11
48 76
58 13
85 25
89 35
81 49
82 88
19 77
40 66
80 88
25 87
43 68
9 83
19 10
46 72
15 97
52 31
65 76
32 50
44 30
91 87
54 66
58 88
66 73
32 43
7 68
16 12
94 32
7 28
64 51
59 9
26 72
57 20
12 90
97 86
60 79
64 21
25 15
54 28
20 10
28 2
9 98
0 56
21 7
84 62
70 97
32 71
68 12
71 34
51 71
55 36
76 99
83 39
21 76
34 45
87 51
58 10
74 70
58 38
56 22
16 79
46 79
17 17
19 97
78 86
65 49
31 24
45 49
94 61
30 37
46 55
57 94
56 60
19 28
22 51
12 35
18 63
95 49
58 80
9 7
93 80
70 77
64 48
2 91
43 71
36 42
57 9
61 70
91 99
55 28
11 31
8 71
72 92
81 39
14 99
74 23
42 11
75 19
88 45
91 80
82 3
84 47
57 0
76 39
3 69
23 11
99 85
80 55
64 63
96 29
2 23
97 55
47 28
15 92
81 62
1 8
1 88
81 24
20 31
57 29
67 31
21 31
8 61
5 9
83 34
61 51
90 8
70 13
1 43
22 54
81 49
66 63
23 44
96 61
7 43
68 0
97 7
47 26
87 16
74 23
89 21
91 50
98 45
33 71
4 86
25 23
74 66
33 33
39 47
88 62
97 19
21 76
7 9
57 50
32 82
55 15
78 28
62 52
34 74
35 75
56 16
75 89
68 82
91 6
50 99
17 48
28 48
41 17
18 72
37 5
95 27
93 75
13 82
47 70
57 5
38 28
24 47
24 30
61 37
10 2
56 89
35 17
50 93
91 11
50 89
1 41
48 97
47 54
32 71
45 97
48 19
17 37
85 48
49 40
32 78
1 38
25 0
23 86
4 27
20 83
63 44
57 28
14 11
85 3
5 40
85 39
75 11
53 76
15 50
89 25
48 29
24 64
64 69
88 92
86 94
82 83
48 76
7 13
38 27
56 4
41 21
53 22
58 10
12 80
94 6
76 44
98 88
16 97
83 27
34 13
40 13
15 68
75 49
17 60
16 45
15 76
15 5
71 16
69 91
65 53
70 23
75 1
54 21
56 86
96 28
26 15
66 77
63 23
74 88
78 85
0 6
2 63
13 9
46 47
99 32
33 63
63 38
73 52
43 8
4 45
84 80
91 77
83 85
84 98
18 37
79 16
93 26
97 49
81 4
23 50
98 53
11 10
28 6
90 1
47 66
97 88
99 20
81 95
64 46
48 79
46 99
35 97
85 24
61 78
9 55
1 44
96 84
75 30
58 12
38 0
64 22
18 58
64 40
80 44
69 7
71 80
4 35
22 24
18 97
65 94
87 49
44 99
46 58
45 19
49 92
26 17
15 41
27 34
5 87
33 86
42 57
7 51
70 28
80 73
89 48
90 10
7 63
77 66
52 86
86 9
65 45
89 72
72 63
61 26
48 70
11 96
15 60
98 71
30 55
74 68
82 22
98 0
35 33
51 45
73 81
73 97
74 24
91 61
27 35
39 77
94 52
47 66
7 83
23 20
2 48
67 17
65 35
95 73
2 18
82 84
22 38
94 45
15 4
25 37
28 46
53 27
75 54
36 68
56 7
43 10
74 62
15 45
25 78
97 38
43 67
46 15
96 51
50 82
61 90
10 94
38 23
75 84
99 88
2 58
20 79
29 85
8 77
67 54
8 84
98 65
67 55
12 19
13 92
48 33
24 73
95 14
42 71
26 52
69 89
29 9
76 28
97 21
99 66
38 34
40 60
8 28
14 79
47 90
9 74
12 93
52 2
22 91
48 98
1 71
98 17
30 39
87 17
75 94
78 57
68 87
2 50
75 97
32 26
43 73
78 49
75 17
29 85
97 3
12 87
5 77
34 89
12 17
75 87
36 12
82 33
58 35
97 80
97 10
0 77
89 28
95 12
16 31
6 85
20 44
46 62
57 74
25 13
11 64
6 85
63 47
83 71
71 8
79 72
48 34
39 67
0 68
23 28
23 58
9 22
49 24
13 25
21 94
27 20
24 78
5 64
53 71
88 7
67 60
22 98
79 4
70 57
56 79
47 72
65 17
64 45
10 34
99 77
5 42
96 67
42 77
48 56
44 25
11 28
31 22
87 67
23 22
83 31
94 7
71 61
53 66
0 54
50 45
42 68
62 48
55 98
53 23
67 92
23 75
62 50
46 42
22 95
87 51
74 96
17 70
14 50
47 88
84 77
18 83
63 50
23 77
37 16
38 66
10 17
83 26
30 78
52 52
27 73
91 91
41 85
85 10
58 68
79 3
18 96
17 51
41 51
64 94
74 17
40 68
12 82
70 79
67 76
21 27
22 97
67 70
50 21
91 14
61 87
66 95
40 54
83 5
6 38
6 29
34 18
63 75
30 76
99 1
97 95
86 2
46 9
92 20
7 17
50 18
40 50
31 48
95 81
80 45
40 19
12 44
57 95
40 82
40 98
70 23
48 48
74 82
60 18
85 2
82 77
78 6
99 10
79 42
59 1
65 91
80 79
62 34
82 47
30 29
38 53
23 79
15 66
6 96
76 47
83 74
55 96
48 45
58 58
57 62
16 28
25 44
50 42
77 22
58 63
57 44
4 89
15 32
67 10
65 84
62 86
25 97
72 90
62 89
93 95
89 50
82 95
5 18
58 35
88 6
97 58
37 35
41 89
10 10
72 96
63 6
2 3
3 63
15 4
55 1
31 60
15 19
80 1
15 82
0 99
75 73
19 69
15 90
3 50
82 44
70 95
72 67
35 43
49 65
6 38
48 30
21 34
84 18
99 27
93 81
91 45
94 47
44 24
98 17
32 71
89 60
5 3
61 89
87 86
8 21
99 47
31 70
31 73
23 85
3 52
3 13
0 58
78 52
95 10
87 36
89 29
62 85
88 77
25 77
36 87
39 57
19 80
51 70
49 72
68 34
88 74
3 55
15 65
6 76
2 35
76 84
21 71
14 43
0 29
20 84
47 11
74 59
29 76
52 90
15 99
40 3
54 81
51 4
12 68
71 71
27 68
60 47
62 22
63 95
98 90
67 45
72 61
94 13
95 96
39 7
88 0
98 34
4 90
95 35
51 72
71 26
71 33
20 94
66 77
15 59
31 25
45 79
14 50
89 74
19 60
79 15
85 56
82 34
80 5
77 7
47 27
57 23
70 9
74 74
74 9
14 28
62 46
62 20
98 29
30 90
38 11
0 19
38 62
76 39
24 21
7 30
1 21
82 47
63 37
61 21
78 30
47 22
50 64
22 15
37 23
94 44
28 17
23 80
99 79
77 21
17 23
49 59
33 85
20 14
95 81
17 49
26 91
86 62
94 39
22 64
93 0
43 54
33 4
99 37
76 50
24 15
38 90
33 34
19 88
50 41
79 92
43 56
50 85
75 66
27 64
22 46
82 67
80 35
1 85
8 9
28 85
38 59
45 87
81 43
83 73
64 38
29 46
97 56
69 11
39 52
89 51
8 59
10 5
18 99
15 67
23 70
1 40
82 52
24 73
44 22
40 61
35 23
97 48
34 76
88 46
49 70
52 67
98 14
99 1
52 26
96 47
11 71
61 9
96 95
0 29
39 27
24 44
10 39
41 22
67 28
3 1
17 70
59 9
99 4
59 20
18 61
36 12
4 48
25 93
68 18
69 95
68 90
85 85
81 97
51 51
78 4
22 1
35 35
92 92
20 39
52 29
32 46
59 8
27 53
1 3
63 86
31 34
5 63
32 93
56 7
57 40
2 80
13 42
76 77
1 93
23 12
95 41
91 26
65 67
30 50
80 84
88 31
86 99
78 46
57 15
84 12
89 20
8 48
59 59
88 75
71 44
74 95
23 71
30 9
49 51
64 91
72 99
68 14
5 1
14 88
71 4
93 52
48 12
23 80
66 29
61 75
94 0
93 12
26 12
69 36
53 41
34 72
11 42
65 61
29 41
65 19
76 91
21 35
5 95
3 32
92 39
37 56
25 41
98 4
78 64
1 45
79 12
14 41
46 17
57 70
38 46
47 52
86 77
86 33
70 6
0 76
14 78
63 58
66 41
3 21
76 98
1 10
36 61
35 58
81 5
68 63
44 65
37 84
10 5
51 50
17 69
95 64
63 13
68 25
43 25
48 5
0 27
85 33
71 11
57 71
75 58
28 34
31 6
38 57
4 92
57 58
63 35
27 69
57 85
22 65
29 48
99 70
86 6
18 20
66 40
1 73
6 3
19 37
18 64
50 1
79 98
54 93
56 13
64 5
66 5
47 51
28 15
90 54
53 64
7 38
39 16
50 38
68 73
60 66
99 27
2 23
69 18
40 87
84 98
39 41
47 62
35 53
48 97
77 72
79 68
36 55
79 36
16 60
14 11
56 72
64 9
80 14
88 61
23 45
34 83
75 26
76 52
93 12
0 16
46 92
54 27
38 38
42 48
4 77
12 98
50 11
10 11
39 16
9 70
22 97
4 43
92 26
85 10
73 97
34 52
47 25
95 61
19 85
92 27
49 47
85 21
34 35
69 96
52 84
56 66
69 76
52 51
7 87
54 45
71 42
64 14
87 5
2 89
2 63
93 74
79 8
11 81
9 96
12 10
97 90
5 12
72 79
47 35
27 40
54 40
96 85
15 94
39 43
94 12
16 68
76 8
51 82
84 46
89 46
44 97
73 86
51 73
20 68
57 10
24 29
6 20
99 56
74 15
34 35
45 1
39 28
14 46
52 72
21 59
1 1
74 22
45 44
48 61
75 41
53 21
99 49
22 16
12 57
71 18
64 57
81 1
26 72
15 23
58 94
58 41
46 9
80 73
36 48
30 23
52 25
45 99
43 10
62 33
12 87
0 6
53 70
15 99
73 94
87 0
14 52
15 83
6 50
78 97
30 98
18 83
68 12
11 33
12 3
74 19
49 73
31 36
18 48
79 56
29 87
78 97
86 94
36 86
40 9
86 98
11 47
91 39
93 93
32 38
90 4
61 25
58 13
66 92
2 16
61 72
45 75
3 89
9 52
80 21
20 92
90 70
52 89
43 60
70 30
60 19
90 1
45 80
80 70
41 45
13 14
32 22
58 51
16 77
40 10
64 37
27 80
52 31
92 41
56 61
56 10
83 3
83 2
32 83
5 4
70 60
16 31
49 54
10 69
7 16
65 28
88 90
88 18
62 57
95 0
68 59
18 57
24 11
6 28
51 11
32 75
31 24
10 69
60 93
27 19
32 55
67 54
40 75
43 80
20 13
54 8
97 81
0 59
45 51
17 81
81 11
6 7
6 81
83 50
29 67
9 87
57 97
90 17
28 92
9 8
92 58
56 31
19 61
62 68
76 90
46 82
60 76
13 92
13 1
88 76
40 15
2 63
45 75
39 91
11 54
13 9
17 37
85 43
64 40
37 73
82 53
9 64
38 33
24 86
73 10
72 33
65 14
64 62
99 4
45 37
38 45
27 54
98 90
54 70
11 33
72 24
2 55
84 13
56 23
16 46
13 24
43 52
27 84
98 36
56 97
4 32
41 21
4 85
48 44
98 55
27 28
60 70
10 1
85 59
42 22
79 26
95 84
38 17
39 48
17 36
92 54
73 62
40 48
38 69
79 20
85 86
1 23
35 64
80 86
12 20
8 49
16 11
81 21
20 59
29 42
80 44
19 34
67 37
75 1
40 46
7 93
11 3
41 19
79 84
25 31
95 58
22 65
71 22
8 25
49 92
17 39
23 75
49 18
66 44
73 90
91 48
51 32
1 93
70 31
20 47
29 16
64 19
67 1
37 9
12 73
13 11
71 87
62 9
33 45
11 86
12 3
25 11
69 61
70 30
6 73
92 66
44 4
71 1
84 66
17 58
33 3
93 64
82 73
90 26
60 12
37 53
58 2
81 67
83 59
67 66
47 5
45 52
58 23
98 79
65 75
23 16
83 75
68 75
59 62
10 71
86 7
72 44
96 20
80 16
90 2
99 99
78 60
39 16
62 91
91 81
90 17
16 98
41 41
75 89
98 21
7 18
71 41
8 43
34 35
52 23
21 51
34 50
7 46
80 36
53 77
53 15
23 20
99 54
24 40
49 96
83 63
40 80
79 82
66 86
27 63
43 82
14 94
36 51
26 42
50 87
64 48
21 5
15 55
20 27
20 40
14 5
50 4
49 97
41 55
25 53
89 28
37 90
3 42
98 18
47 69
44 9
24 90
86 91
72 99
39 29
49 30
30 72
18 35
82 78
62 12
30 76
82 25
68 76
98 96
7 48
69 22
35 10
76 47
40 97
52 3
29 40
39 90
14 70
1 88
36 61
82 92
48 67
27 26
14 98
9 16
79 19
77 6
74 62
59 92
99 27
32 92
37 68
85 91
77 17
89 73
18 52
41 92
47 58
28 12
63 18
17 16
55 97
43 61
89 37
84 49
12 34
43 65
60 21
20 62
27 55
67 31
12 89
87 35
19 26
72 35
13 26
73 39
74 24
59 6
20 71
64 33
18 88
3 95
69 7
12 86
1 30
34 21
47 74
0 66
53 97
41 54
10 12
63 79
68 62
37 65
88 68
83 89
53 38
14 97
48 34
33 76
26 16
80 1
97 78
99 89
32 81
29 70
46 67
45 61
66 18
72 3
20 96
61 12
14 89
1 24
25 6
59 95
62 92
11 7
17 33
5 63
32 36
21 58
19 11
44 28
23 83
18 92
60 56
21 59
92 19
8 72
9 96
1 36
62 25
56 84
0 6
78 4
62 4
53 35
11 31
92 49
55 99
9 11
93 46
57 41
75 30
31 8
15 6
73 47
40 65
95 11
92 31
78 90
21 71
80 20
9 81
53 19
43 89
6 81
50 32
31 31
44 68
86 77
75 38
93 99
7 75
28 50
44 71
36 50
37 47
80 78
86 48
30 87
58 89
16 98
7 12
76 21
74 63
8 94
98 94
14 88
64 99
43 62
57 58
86 43
3 83
15 13
53 80
97 28
36 55
5 93
53 16
60 30
5 26
54 52
67 76
96 68
13 1
11 53
70 89
66 47
34 14
2 36
34 61
60 75
5 55
87 10
83 70
22 98
2 85
32 46
82 46
62 80
13 57
61 3
7 54
49 66
78 30
41 32
69 8
0 16
26 9
67 98
77 40
4 27
23 84
6 85
84 6
14 95
85 27
37 64
32 18
11 29
11 62
88 60
3 99
97 30
14 17
33 49
56 49
52 38
27 47
24 13
92 19
82 71
47 20
7 63
90 5
0 20
34 94
87 53
63 83
70 22
53 28
29 90
87 88
47 46
63 50
53 49
74 81
35 88
9 26
55 68
72 8
99 82
78 26
29 50
21 73
9 51
52 8
51 62
78 19
73 89
9 49
15 22
38 52
49 87
79 86
89 20
74 49
93 47
4 70
31 0
58 11
68 38
78 38
78 76
90 97
85 27
4 16
52 99
73 96
31 32
24 21
64 35
45 53
6 41
31 58
61 59
69 42
12 90
0 15
15 17
85 10
41 81
85 39
25 89
78 37
95 10
72 69
29 36
40 9
30 9
7 71
7 86
90 43
1 8
40 49
50 12
82 82
67 27
78 22
13 7
66 67
87 34
47 16
80 20
59 4
93 26
76 99
9 85
74 21
38 48
24 38
91 94
98 97
28 64
9 18
86 10
56 78
96 3
1 32
69 22
51 89
62 18
11 23
26 1
48 15
93 89
32 88
66 7
39 44
56 84
98 61
62 61
84 94
10 78
83 3
67 23
39 86
71 5
43 0
7 50
52 67
40 71
74 29
54 62
84 73
91 69
23 68
50 65
62 35
53 10
33 60
31 74
91 78
58 64
32 40
52 23
71 48
20 23
24 0
92 84
57 33
69 57
62 8
42 2
79 58
52 72
53 18
42 68
56 81
32 31
71 33
81 53
32 62
81 97
17 25
32 68
63 77
69 44
83 91
86 87
38 81
72 96
9 11
26 37
56 78
5 29
43 17
66 12
43 77
7 69
46 75
18 51
13 19
68 83
84 19
14 49
51 57
50 69
60 86
3 56
66 19
88 7
24 50
66 79
24 29
81 73
34 8
6 44
3 5
18 85
91 35
77 87
11 39
88 71
27 39
75 5
31 15
35 4
91 35
31 42
40 54
61 68
1 59
12 32
2 49
3 20
27 3
16 10
85 42
26 40
57 46
32 74
45 47
32 17
43 91
55 62
62 16
5 68
59 48
35 75
25 97
79 77
73 66
23 97
21 49
10 33
30 3
20 24
11 25
36 33
12 20
59 75
47 83
42 13
49 11
28 36
0 59
37 74
40 18
78 5
80 42
18 5
82 86
97 26
81 26
75 97
54 41
15 20
89 83
36 65
74 33
63 23
32 81
6 83
32 34
45 30
97 36
67 62
14 88
16 22
80 62
76 45
58 86
82 18
2 48
90 45
31 76
68 18
36 2
50 35
86 38
75 7
20 74
45 36
21 15
44 96
15 6
9 0
35 3
38 57
38 75
74 64
46 93
86 74
8 30
73 51
92 38
74 48
77 38
40 84
60 56
39 9
3 32
40 15
98 60
13 0
28 22
30 23
5 13
19 54
52 41
43 43
45 90
32 39
5 3
80 54
45 52
7 25
70 13
78 61
14 2
92 19
52 19
3 81
24 82
49 92
89 39
3 46
26 31
62 1
55 81
24 49
26 21
45 83
26 90
31 39
15 23
15 95
62 56
73 88
77 98
17 0
78 96
63 20
49 47
59 5
88 12
42 30
75 37
1 64
87 98
11 0
29 36
69 12
26 27
56 84
6 3
47 27
96 16
69 51
21 7
77 53
75 5
32 84
26 82
43 87
83 40
33 25
45 1
68 97
25 87
7 66
75 59
82 65
58 67
6 8
10 32
82 61
0 98
35 52
45 94
58 49
88 86
51 17
78 63
74 19
79 59
15 90
10 72
56 45
96 85
93 94
49 88
35 82
59 32
58 69
55 19
88 17
21 71
83 38
72 76
36 49
22 65
8 99
69 4
51 72
18 39
20 94
29 57
44 12
25 43
47 24
77 27
27 0
47 27
90 1
68 18
26 72
68 60
82 98
35 94
40 93
77 59
81 59
2 69
73 86
85 36
48 33
26 97
56 50
73 53
32 84
65 43
99 43
40 96
69 46
53 30
11 29
36 11
6 87
17 42
38 81
99 13
82 67
42 61
7 22
87 83
72 51
27 89
33 59
43 25
73 92
30 84
8 39
39 93
25 42
49 70
74 12
76 76
33 23
66 63
35 49
53 44
48 25
43 79
22 24
20 31
97 47
34 44
62 60
7 35
74 9
38 99
38 72
3 23
61 20
60 67
14 34
48 1
26 87
64 81
15 81
31 98
86 40
62 46
23 0
71 31
95 28
80 56
38 24
44 24
57 35
87 81
2 58
27 48
83 41
38 46
16 15
80 74
84 95
36 74
61 6
7 11
26 66
40 17
38 9
40 6
55 35
0 33
12 40
55 10
95 14
73 12
45 53
80 39
39 91
78 96
97 38
72 34
49 12
70 42
18 3
78 36
17 13
85 99
44 73
43 83
73 22
38 26
46 28
26 10
38 65
68 96
6 57
32 24
42 81
88 39
81 29
58 76
84 84
17 36
18 24
47 92
71 46
96 88
78 47
86 29
67 12
81 39
22 71
98 40
58 10
72 96
81 11
56 21
92 21
4 82
5 71
99 91
71 82
76 79
90 55
45 10
84 17
53 39
55 56
59 40
84 95
61 21
60 55
93 99
53 88
47 94
30 27
12 73
98 21
29 29
18 44
62 27
50 87
84 57
79 98
49 79
46 87
23 34
11 30
68 2
10 72
41 9
73 14
77 27
12 12
3 83
82 41
9 58
97 23
67 10
44 92
15 45
70 30
23 40
81 91
94 22
80 86
10 81
98 32
26 4
73 26
10 37
22 14
71 9
25 49
21 88
26 36
46 59
85 57
84 89
8 24
58 19
83 29
7 80
57 48
7 59
80 24
23 68
65 8
7 58
69 12
98 37
23 38
44 71
95 92
91 18
74 61
28 14
7 30
11 89
54 43
45 46
3 62
37 2
60 7
25 40
38 48
75 16
46 16
24 70
0 18
90 44
56 39
84 29
76 4
30 7
80 69
8 80
12 47
84 12
71 2
42 62
9 23
90 65
30 55
75 36
75 40
91 65
14 70
47 53
85 60
69 52
80 49
42 45
48 48
85 59
54 58
21 94
91 18
78 7
96 54
35 90
30 86
98 31
92 5
20 39
0 94
91 55
50 51
41 57
90 88
91 46
81 15
2 7
39 48
0 52
84 14
51 42
75 11
41 72
26 73
83 73
87 29
88 64
74 84
8 31
20 51
46 96
11 52
5 69
68 11
46 83
22 82
15 10
95 91
46 2
99 37
61 73
51 10
48 7
56 60
24 82
88 11
59 47
90 57
59 80
69 31
35 8
89 8
0 72
42 63
36 48
52 74
89 21
32 8
88 28
19 2
16 19
80 94
64 18
84 23
7 40
35 57
80 11
86 84
85 74
71 83
92 54
77 31
47 3
73 16
83 23
40 39
20 23
54 56
92 45
46 54
2 49
58 29
88 28
66 43
98 27
40 2
25 48
54 97
96 65
56 85
6 68
47 6
20 70
71 10
32 44
80 57
75 4
74 42
95 44
66 25
11 6
79 25
39 6
79 68
71 21
31 24
55 87
92 16
45 4
58 88
6 83
45 49
34 67
15 16
97 89
81 77
41 57
85 83
2 16
71 47
88 18
83 64
29 57
75 85
98 66
85 85
61 78
19 54
35 35
52 97
23 80
90 20
16 51
26 65
11 54
4 78
8 68
36 30
13 64
19 4
63 62
86 81
6 25
0 34
43 37
62 87
24 81
24 17
74 96
74 83
85 76
0 47
1 47
81 2
61 49
34 73
37 2
34 54
75 40
41 64
69 31
21 42
80 41
68 69
33 32
68 36
13 18
4 75
50 99
84 15
16 33
46 98
91 20
5 65
39 51
10 54
33 79
9 47
72 18
30 88
56 63
21 20
38 68
79 33
84 0
7 66
54 18
72 24
45 58
79 37
87 2
66 57
72 3
46 9
35 94
98 89
15 25
46 52
0 63
79 91
73 22
87 6
44 58
11 74
60 82
35 16
77 54
87 0
61 61
15 57
1 60
52 96
31 90
92 72
71 53
38 29
36 41
96 12
81 88
21 41
11 30
94 2
88 17
67 84
24 44
42 15
67 91
55 10
99 91
46 43
80 71
81 36
69 94
42 83
57 55
8 96
50 37
45 60
68 49
59 16
29 72
21 26
20 13
93 67
28 62
67 58
18 2
84 8
77 87
36 12
60 61
33 13
42 67
10 70
22 56
67 45
89 65
45 59
44 1
68 82
4 36
78 61
5 76
11 44
47 21
27 11
3 53
8 8
61 88
17 75
17 28
10 26
27 10
17 77
51 75
5 8
57 14
76 54
58 43
10 57
39 69
31 19
61 63
37 6
62 64
68 8
81 71
2 24
80 61
71 61
82 75
15 72
99 22
29 0
52 30
52 94
98 61
72 33
75 35
4 39
42 91
25 56
7 39
69 43
27 33
13 87
4 53
60 43
80 62
37 49
23 49
26 48
7 35
70 72
40 65
84 10
11 33
62 68
9 35
28 26
92 43
52 18
14 81
90 29
34 24
40 10
71 27
40 82
98 22
89 13
52 97
2 0
56 18
85 47
38 11
15 58
79 41
0 78
3 75
10 13
73 6
45 82
25 10
90 37
48 85
56 23
31 23
39 61
77 6
2 86
67 35
18 98
5 40
5 48
55 71
40 84
83 67
65 22
40 89
92 25
8 58
40 63
30 87
92 19
19 89
31 41
98 55
13 47
93 20
87 64
86 85
24 41
98 99
48 9
65 4
13 97
10 36
9 12
24 78
16 77
37 28
19 83
62 39
59 44
16 94
65 85
5 81
58 21
61 93
46 84
11 79
43 81
67 79
71 80
54 2
82 9
64 45
17 81
20 67
41 70
20 40
64 32
15 76
89 35
65 7
79 38
86 86
20 15
29 83
34 60
86 16
49 64
78 30
50 26
90 3
91 80
3 36
80 13
80 96
22 4
41 96
38 60
58 82
9 36
35 40
45 42
18 25
62 97
37 5
78 63
23 59
65 4
1 88
9 26
29 91
9 87
69 48
85 26
88 33
53 31
90 42
86 38
74 79
53 72
9 24
61 99
60 64
35 75
64 74
51 30
81 51
94 17
5 84
82 35
35 28
58 86
20 81
75 47
4 84
6 95
72 41
98 63
7 28
96 7
54 32
77 71
52 90
37 70
86 22
30 44
51 68
74 33
24 13
32 98
22 23
60 76
84 74
26 75
31 8
61 48
10 4
61 22
55 31
17 93
91 15
65 36
17 3
74 9
82 94
87 7
3 63
73 99
48 42
82 10
92 17
66 89
53 93
45 42
93 17
39 43
13 47
94 84
40 67
22 26
83 45
31 81
84 86
87 25
13 61
39 36
47 41
27 31
74 71
42 20
2 70
55 47
18 67
95 47
56 6
94 71
62 84
63 84
96 91
67 86
34 47
12 78
11 22
88 78
17 6
35 31
43 65
73 10
24 57
78 82
34 86
26 1
68 1
84 5
99 58
96 57
83 80
12 20
0 15
5 77
67 34
46 44
38 22
53 43
23 31
60 33
29 53
33 51
87 78
98 24
46 15
80 18
40 8
58 97
50 23
25 48
18 91
93 46
42 77
7 99
49 35
60 99
97 1
92 94
93 65
13 76
51 10
73 59
34 11
3 10
66 0
81 52
16 73
38 90
64 86
2 34
88 83
68 41
55 77
27 45
65 12
72 90
61 35
21 73
36 65
39 79
12 49
57 93
13 16
74 48
14 81
59 15
99 50
75 6
78 5
82 61
96 1
89 49
13 66
50 67
27 50
58 79
42 86
61 10

