6
43
7 22
8 9
17 18
0 22
8 19
11 15
9 12
13 19
0 22
6 17
1 21
0 10
2 5
0 6
5 10
13 15
6 13
5 13
2 3
10 14
9 12
0 7
1 16
5 19
3 12
4 19
1 2
5 19
0 10
6 7
9 16
7 22
14 19
5 10
4 7
6 8
5 13
6 19
12 14
18 22
6 17
16 21
11 15
79
5 19
8 15
4 20
2 11
3 5
10 11
1 5
22 23
16 18
19 23
18 22
13 15
7 21
14 21
17 20
15 19
8 17
5 10
15 21
0 5
5 19
10 21
0 21
19 23
7 23
7 21
19 21
3 10
13 18
2 7
0 11
8 16
12 18
1 22
19 21
17 19
8 23
6 9
6 17
6 19
17 21
6 23
18 20
4 8
4 11
0 9
12 22
6 15
20 22
0 7
12 13
17 19
1 14
2 12
0 16
15 22
4 17
15 21
4 12
12 17
1 17
5 6
12 14
1 10
4 20
4 15
12 18
15 16
2 22
8 18
3 8
12 23
15 18
1 15
9 15
15 17
13 17
20 23
4 20
99
12 14
11 17
2 19
20 23
9 23
10 11
10 22
3 20
6 17
10 19
5 16
5 11
10 12
21 23
3 19
7 10
6 16
7 23
9 22
4 9
3 13
8 14
2 11
8 17
4 21
9 13
2 11
4 18
6 16
6 8
3 19
17 23
10 12
0 6
3 13
10 12
9 14
22 23
14 23
8 20
0 8
9 23
18 21
3 5
0 10
3 18
6 12
2 21
15 18
2 18
14 20
0 17
12 23
1 20
1 23
1 13
7 14
1 15
14 18
0 14
2 19
1 18
9 23
8 16
20 21
20 22
13 16
8 11
9 22
5 18
10 13
2 15
2 18
9 21
17 23
7 16
0 6
5 7
17 18
9 14
11 17
9 11
8 17
9 14
4 13
2 16
1 9
16 17
7 22
13 20
9 10
8 20
3 21
7 9
12 21
5 17
3 9
6 18
6 12
41
13 17
20 21
6 12
0 17
2 15
8 12
6 22
4 8
1 8
1 5
0 4
9 22
1 8
0 16
21 23
2 23
8 13
8 22
16 18
6 17
15 17
0 15
2 21
10 22
1 13
0 5
4 22
1 23
2 17
14 23
8 11
7 11
0 8
6 23
1 3
11 23
6 23
3 21
0 13
6 16
3 8
60
3 12
1 11
12 23
8 10
9 13
1 9
5 7
12 14
18 23
11 16
14 21
5 8
7 17
15 21
0 19
16 19
0 11
1 10
9 16
2 13
12 15
16 20
4 10
1 10
9 22
14 19
5 12
11 21
7 14
14 21
21 23
9 23
4 20
1 10
6 13
14 15
6 7
17 20
11 23
11 13
0 4
10 14
11 17
1 18
10 12
2 15
14 16
9 17
4 22
18 19
0 11
12 23
15 18
7 13
16 23
11 15
20 21
13 21
10 19
0 9
89
2 17
6 20
18 19
5 16
1 2
6 19
20 21
1 16
19 23
14 15
0 16
5 8
7 10
13 17
2 7
8 12
12 14
5 16
14 20
9 17
11 17
0 10
1 22
4 21
8 16
19 20
1 7
16 21
7 16
11 14
10 11
8 9
13 16
6 18
0 8
13 16
3 14
3 21
4 23
14 19
4 7
6 21
8 23
17 23
1 6
1 10
4 12
1 4
2 9
2 23
3 6
8 17
0 23
9 12
8 23
17 18
14 18
0 14
4 16
6 22
15 16
6 18
12 17
4 9
1 4
20 21
4 22
22 23
8 16
2 9
6 20
15 16
4 13
12 20
4 12
5 19
3 8
7 8
2 14
18 20
10 15
2 23
4 18
11 16
10 20
9 15
3 13
14 17
6 14
