3
90 91
48 66
34 78
84 89
90 28
10 75
18 58
83 61
46 79
39 57
62 51
28 40
40 8
71 82
32 44
82 7
8 90
82 63
54 40
62 13
90 68
64 68
31 39
75 15
22 59
75 45
72 17
8 61
25 75
21 75
2 85
34 58
37 40
37 27
22 73
57 83
8 81
30 30
62 16
54 84
40 89
81 83
17 69
45 64
28 9
39 56
75 2
8 64
45 83
90 24
80 85
20 9
78 62
46 89
55 7
50 10
62 88
51 71
67 74
87 44
52 54
76 81
54 47
43 35
88 4
68 86
50 12
60 4
65 70
47 53
65 55
8 67
8 85
70 60
17 25
63 37
11 65
73 54
26 79
61 21
50 77
25 82
45 81
5 12
13 12
72 33
26 75
23 53
65 67
17 27
85 29
60 12
19 3
1 3
13 2
5 13
44 46
42 36
42 35
30 29
6 23
20 7
14 3
31 1
36 43
4 30
17 12
26 6
11 7
44 29
29 34
18 30
41 6
14 39
3 1
28 11
29 3
19 24
44 4
43 26
18 40
24 16
18 9
20 33
23 4
28 22
25 22
22 26
44 26
39 9
34 4
27 26
23 19
1 19
8 34
41 38
1 8
20 21
22 22
31 29
43 37
22 4
38 1
