4
67 48
24 12
15 21
50 64
65 58
50 4
47 66
3 45
9 52
59 33
3 66
65 67
66 44
41 67
36 20
60 8
50 23
64 46
6 58
54 23
42 35
18 6
58 64
57 6
19 41
6 12
10 30
42 42
45 20
34 46
35 5
27 15
67 15
65 25
20 51
48 11
13 15
36 48
12 26
22 28
7 10
47 7
40 49
21 25
27 13
20 66
41 31
41 5
48 7
63 98
9 38
52 41
8 59
45 62
51 1
32 5
53 29
30 10
4 49
48 17
30 18
7 13
29 28
26 17
11 39
5 5
18 31
32 29
5 24
8 36
20 35
12 30
10 33
58 17
42 19
18 46
14 15
56 13
4 18
57 33
43 6
40 5
15 2
24 12
44 26
47 10
4 62
28 16
29 23
39 27
40 13
18 51
9 63
31 13
63 52
6 29
56 25
6 13
55 19
47 46
12 61
25 63
8 3
10 19
14 54
39 2
59 58
25 5
57 6
60 9
29 34
9 60
24 1
13 35
45 27
15 9
12 27
13 59
62 31
28 17
63 1
63 59
9 12
14 12
61 24
34 18
53 49
11 60
49 40
46 38
19 47
41 55
32 15
42 26
9 41
49 55
49 12
26 20
54 12
53 23
16 61
52 6
61 40
51 54
12 7
46 17
10 50
9 32
45 36
13 25
43 9
40 11
10 25
43 2
11 22
9 17
36 20
7 20
26 24
44 39
16 20
4 28
8 24
32 12
32 28
14 27
41 6
45 8
14 5
16 41
22 6
14 14
22 22
36 31
16 10
40 28
33 17
26 19
14 36
15 18
10 14
45 37
4 45
5 24
15 2
15 92
15 10
3 1
6 5
3 4
14 3
13 12
12 7
12 3
11 10
15 2
5 5
10 15
2 10
10 11
9 14
9 11
3 7
9 9
3 13
11 7
10 15
14 4
10 14
4 2
5 2
15 7
10 12
3 13
13 14
14 10
5 12
11 6
13 6
12 3
13 5
2 7
6 5
11 10
6 4
4 9
12 1
8 6
2 9
14 14
10 5
6 3
7 3
9 8
13 8
13 11
11 5
8 6
7 4
6 4
10 2
14 3
1 1
3 8
9 5
6 10
15 15
5 7
7 5
13 2
9 4
13 5
12 2
14 11
15 9
11 5
9 3
10 9
3 5
13 10
3 13
5 6
9 4
10 4
3 3
1 6
14 11
9 3
10 13
1 4
6 3
8 6
5 6
4 14
9 4
5 2
13 9
8 10
