5
29
65 73 83 41 99 26 10 91 32 61 53 3 14 42 12 71 37 87 10 22 82 49 63 59 40 89 25 56 34 59 
35
53 19 29 25 73 4 58 92 51 80 62 94 68 81 56 86 89 63 48 49 15 52 52 27 11 20 86 16 58 36 48 47 73 88 4 80 
40
89 6 56 3 59 69 38 66 24 22 75 65 13 50 25 9 86 64 66 3 68 8 38 43 46 27 44 77 93 26 44 30 61 31 78 82 26 79 66 29 26 
62
81 65 64 39 80 50 20 46 84 3 55 21 73 48 35 61 4 11 71 58 7 43 92 84 85 90 62 25 58 93 43 85 55 14 13 92 55 94 66 39 32 38 72 23 96 17 44 3 48 77 79 92 58 89 30 4 51 84 70 72 87 11 3 
83
93 95 83 24 86 4 7 68 1 98 35 47 81 4 86 83 47 41 2 62 83 86 94 4 93 78 75 23 28 39 5 34 39 54 16 78 9 53 97 45 39 28 77 63 1 70 46 26 18 28 42 30 65 64 74 88 79 51 25 12 47 45 19 1 83 95 75 40 51 23 65 66 32 34 56 73 19 91 82 33 26 21 24 92 
