9
28
50 24 50 74 91 25 56 64 77 49 12 4 94 45 84 87 91 46 92 57 13 49 7 63 68 90 65 16 15 
3
30 95 50 93 
89
35 26 29 56 22 62 51 47 38 66 17 99 98 65 92 21 88 18 94 19 68 48 2 4 54 38 18 10 21 51 42 48 59 2 13 12 30 37 55 55 23 86 38 73 95 88 54 96 85 95 15 39 59 50 4 83 21 18 51 85 11 6 86 54 39 20 47 84 82 95 58 21 74 82 2 13 36 69 84 43 63 75 92 93 28 72 79 34 4 59 
53
79 69 74 15 19 11 40 25 67 70 42 26 16 54 44 17 57 70 27 6 59 83 48 32 45 64 23 82 68 39 33 94 50 99 33 84 41 63 82 62 91 81 84 1 95 73 17 17 83 50 86 15 38 54 
61
59 87 52 20 38 83 11 64 73 90 96 59 30 2 23 27 96 19 99 45 93 98 85 8 58 1 21 83 76 51 31 28 22 55 77 84 44 62 48 38 3 27 57 44 50 63 73 13 86 49 9 56 87 50 96 84 17 52 26 64 33 56 
18
14 89 12 20 55 71 69 25 3 22 20 72 89 24 78 39 37 13 11 
84
54 39 58 53 69 91 17 5 82 92 95 61 46 56 55 54 77 60 57 67 62 89 65 31 3 96 80 91 56 78 75 3 92 75 15 54 49 5 7 95 3 39 96 58 14 34 21 56 3 25 59 44 80 88 92 17 5 87 87 50 88 8 41 37 26 95 97 44 68 96 70 31 96 27 67 51 62 58 75 96 93 50 95 74 81 
22
67 15 21 87 2 82 10 48 42 55 25 70 68 10 29 34 86 41 50 84 4 32 96 
87
23 40 25 92 68 19 49 15 87 3 90 58 13 1 55 67 50 23 66 43 72 92 95 1 73 56 54 9 87 33 83 1 99 53 78 81 67 90 26 15 85 57 60 34 90 63 21 57 69 4 36 30 40 75 88 7 80 98 10 70 79 43 46 99 76 97 45 18 64 47 13 91 28 51 85 23 91 81 59 27 37 56 30 16 86 87 90 82 
