6
1
2 95 
41
40 31 55 45 60 83 94 42 44 65 82 81 7 84 76 4 36 82 7 16 72 14 17 8 32 28 11 51 92 47 15 55 34 80 14 78 64 74 81 99 24 58 
45
38 85 63 14 19 54 67 19 1 85 79 65 22 17 78 89 6 39 34 86 94 4 42 2 18 76 68 75 88 57 54 15 33 66 81 91 37 5 39 29 21 6 90 81 20 81 
88
88 97 78 31 71 53 40 23 80 48 12 95 60 29 52 2 16 68 20 4 91 82 87 68 97 67 34 19 24 5 95 25 80 84 14 96 75 86 57 58 12 66 57 71 66 5 39 86 71 54 89 78 45 38 27 60 84 39 42 23 96 37 50 91 34 32 25 70 53 9 86 23 50 77 70 93 74 56 69 26 96 12 85 38 28 50 67 55 44 
49
75 41 51 38 56 24 17 14 61 77 5 90 85 23 50 96 83 47 8 82 18 74 11 70 97 1 65 18 75 28 28 18 50 2 86 88 52 92 94 15 44 26 77 66 31 2 60 50 98 98 
36
45 80 19 22 69 83 65 28 6 40 87 84 70 54 14 46 26 91 2 24 29 69 10 66 28 23 33 30 68 88 99 81 63 74 83 41 55 
