6
27 20
1 37
15 27
39 23
25 28
30 9
38 40
37 31
15 32
22 34
23 40
50 31
12 16
38 9
43 35
40 3
10 43
16 20
28 45
13 37
34 7
45 24
22 33
47 20
21 23
50 32
15 38
27 34
50 35
31 41
19 36
27 28
40 44
40 43
14 43
13 15
16 15
38 8
32 23
48 23
50 15
39 22
3 40
15 34
16 11
18 4
21 27
22 26
16 19
48 17
6 33
25 3
46 46
5 17
29 31
20 15
36 36
42 24
6 3
15 41
50 17
17 19
50 50
7 20
3 14
18 33
8 44
28 47
43 4
36 16
34 24
22 38
28 14
25 10
49 40
3 37
15 38
48 8
28 28
21 7
42 32
8 44
16 11
37 47
48 40
9 21
24 10
46 24
26 16
38 3
49 9
30 39
14 7
8 31
2 44
26 1
14 24
10 1
49 32
16 7
11 49
46 49
15 13
1 36
21 25
15 17
47 16
24 21
40 47
47 31
11 8
11 20
40 3
46 39
37 18
8 15
5 38
22 8
34 17
46 47
15 32
20 14
22 44
46 39
30 14
12 28
32 43
18 18
31 7
40 19
13 7
43 15
24 21
7 22
28 48
1 29
14 40
15 15
14 18
22 38
25 20
34 4
20 17
18 20
6 38
46 35
34 50
29 1
10 30
41 38
4 16
8 40
15 17
46 38
34 44
46 16
42 28
7 14
33 42
2 4
43 9
35 1
35 4
24 25
38 23
8 36
42 37
19 10
9 19
44 10
2 23
9 21
39 41
27 18
4 44
36 16
39 27
41 32
21 29
36 3
45 48
30 34
14 41
22 37
6 39
49 23
12 16
34 8
43 41
2 9
25 38
25 5
39 28
49 1
22 22
23 26
22 7
5 19
46 2
34 22
42 6
6 7
29 29
11 2
28 6
10 3
11 6
37 27
38 9
46 33
11 15
8 15
4 6
37 19
6 39
40 4
28 50
22 29
14 12
13 28
8 43
42 32
2 38
40 37
43 11
28 34
30 13
25 20
31 45
39 42
7 49
42 25
16 26
21 11
12 14
42 15
30 18
20 19
9 23
35 28
15 22
11 36
17 17
47 1
1 10
27 1
29 25
21 13
27 19
11 41
32 40
17 48
43 27
17 38
3 6
16 47
27 23
9 39
13 9
43 11
20 8
47 32
13 37
41 31
48 7
13 44
4 9
10 44
43 8
7 47
30 13
17 42
21 39
20 45
37 12
47 38
49 44
29 4
23 32
16 31
30 47
28 17
28 36
37 10
24 32
41 27
39 33
18 49
16 42
5 26
10 45
43 6
42 49
19 41
1 20
42 15
8 8
30 45
4 27
12 5
1 10
23 46
38 15
13 24
3 33
6 42
35 22
30 25
43 33
43 19
38 23
15 10
31 2
20 25
45 4
20 23
12 50
24 38
12 17
47 10
49 2
3 21
46 38
39 40
2 2
43 33
7 23
28 24
14 37
48 34
32 30
41 30
4 7
6 28
17 28
47 32
25 8
2 13
23 26
36 20
45 41
31 1
34 49
7 36
41 18
48 11
8 50
5 28
45 40
22 24
34 33
21 7
14 14
11 35
37 4
16 1
5 25
27 25
1 3
9 14
37 40
34 1
20 33
43 4
1 45
36 3
50 40
28 37
3 20
22 42
34 31
7 23
20 12
8 44
3 39
45 44
3 32
40 3
28 11
29 33
36 25
15 19
44 41
24 41
19 11
7 25
45 11
19 44
5 35
10 15
38 16
1 15
44 27
26 35
38 46
27 43
44 44
3 2
1 19
15 45
1 42
36 12
47 29
30 11
29 25
39 19
11 43
35 19
27 27
9 17
29 42
11 30
40 13
46 27
48 21
39 43
39 39
45 1
37 44
32 5
22 38
31 35
19 2
15 20
23 22
47 7
37 17
23 30
15 1
6 34
4 36
34 14
50 46
41 41
8 46
49 46
36 9
38 18
33 42
31 31
43 21
17 14
5 15
1 28
50 10
25 18
41 17
2 26
27 47
4 21
6 2
37 22
29 3
28 3
48 18
16 22
6 37
30 37
18 25
23 16
17 17
29 29
24 26
28 33
17 38
37 32
34 6
2 25
35 10
35 31
33 34
21 31
26 16
10 27
49 50
6 18
25 11
28 47
10 5
12 7
25 29
23 32
4 1
0 0
33 33
45 17
24 47
20 32
49 32
15 15
33 31
17 40
33 31
24 27
29 44
23 21
41 14
24 8
33 2
4 30
27 41
5 45
15 38
19 46
38 36
49 33
16 3
2 43
8 24
20 34
15 31
13 4
48 5
35 8
5 21
27 33
40 10
16 10
19 15
16 11
45 18
30 4
17 46
40 19
15 23
38 1
47 14
49 7
44 24
42 20
48 28
13 24
30 14
6 33
45 43
28 25
20 35
35 49
15 12
43 32
40 20
29 50
8 10
36 44
31 24
47 22
36 28
47 39
1 26
38 8
16 27
46 50
35 34
13 19
25 14
21 18
44 30
42 1
45 15
21 11
32 12
14 39
9 40
27 24
46 20
9 45
27 28
42 30
47 35
10 2
17 35
44 9
5 7
16 4
47 24
50 18
5 21
25 1
47 50
28 29
33 16
38 38
38 49
32 28
48 49
18 31
13 18
25 19
5 48
19 29
34 46
10 26
44 41
15 15
34 4
3 19
8 3
42 29
19 35
9 50
19 26
8 6
4 30
26 27
12 9
33 40
16 28
1 43
32 38
35 23
3 39
18 6
24 49
17 8
2 19
48 23
44 13
27 25
4 26
31 13
47 15
1 22
25 41
18 27
37 12
47 15
25 17
34 34
41 25
1 50
10 44
29 38
7 40
16 38
25 7
9 38
1 35
42 1
5 12
48 36
13 11
42 29
43 3
4 15
14 47
29 25
21 42
17 1
49 14
14 7
2 41
3 13
36 11
4 12
46 14
13 24
17 4
19 38
33 8
12 43
41 18
48 22
11 34
33 18
28 50
17 29
7 43
33 46
50 43
32 48
50 36
4 13
27 33
42 10
27 13
18 40
38 49
12 10
29 19
29 41
24 21
21 46
45 29
36 13
41 38
11 38
41 31
16 7
7 49
50 32
8 41
45 50
6 41
44 26
24 16
2 26
2 36
47 5
30 46
37 37
14 26
27 23
1 23
13 10
6 43
15 7
13 8
44 45
17 7
3 37
22 4
9 8
30 35
10 47
6 44
42 41
27 46
23 49
6 43
11 4
11 46
16 33
17 15
43 15
47 10
17 43
11 18
2 18
30 9
22 30
26 13
6 47
38 41
4 21
46 14
18 43
30 47
44 28
30 8
33 47
7 43
20 43
3 17
46 44
9 42
24 46
40 17
3 24
44 34
4 46
37 15
35 24
21 25
19 22
12 25
15 11
10 4
47 3
44 35
16 49
30 44
47 17
8 15
46 28
26 48
36 32
22 17
30 13
31 35
8 15
17 21
18 26
27 46
38 18
34 13
46 33
23 44
37 31
19 19
32 25
40 36
20 18
26 29
25 26
10 37
18 33
29 1
34 29
8 33
13 20
13 30
4 24
22 19
37 43
20 15
43 49
6 5
13 38
47 38
9 39
8 14
21 40
20 36
17 33
13 19
38 36
33 43
17 36
33 29
30 39
14 49
6 2
1 20
22 46
35 34
31 18
33 42
50 49
50 25
12 23
36 45
8 29
42 29
4 47
26 28
28 38
30 38
21 32
19 37
27 44
27 18
35 4
42 23
31 32
29 24
14 15
39 32
11 3
32 43
48 36
46 13
7 24
13 8
23 20
44 35
43 1
43 46
23 42
13 42
37 35
25 27
24 4
23 38
46 21
22 46
9 25
40 50
22 30
34 27
35 44
24 19
18 31
45 34
32 8
46 18
35 30
23 5
24 3
24 25
42 7
45 20
45 25
26 32
50 6
6 17
30 3
50 48
47 17
29 15
5 25
39 35
3 9
42 36
27 42
50 20
22 16
43 8
6 43
4 9
20 32
10 25
4 6
12 43
47 39
24 40
49 35
50 39
30 26
41 5
34 30
41 19
2 20
6 40
34 19
31 7
33 23
14 7
5 31
4 11
1 12
17 22
13 44
20 33
2 19
16 35
13 13
26 41
30 24
29 9
5 25
49 35
23 39
38 42
19 20
22 17
35 14
14 10
27 4
40 43
30 43
29 27
8 29
41 49
12 49
12 43
37 47
22 4
48 27
26 48
28 15
4 21
21 39
23 2
47 21
25 36
41 34
47 2
26 7
50 28
16 30
39 45
40 7
31 22
49 14
1 4
30 22
17 2
24 48
22 39
10 47
25 36
34 7
9 10
16 15
28 39
24 50
13 46
8 24
9 27
7 40
13 41
47 16
36 14
7 32
40 18
45 35
12 43
41 1
6 4
41 46
16 29
26 11
28 30
26 13
33 46
18 50
10 36
29 33
2 36
23 1
46 13
27 17
7 27
4 10
46 10
5 2
26 7
42 28
26 38
25 10
5 29
3 33
12 4
6 44
31 6
8 10
29 4
8 10
38 34
27 20
41 50
14 22
20 5
38 50
4 38
46 30
5 17
13 46
29 16
35 37
3 32
23 17
26 42
38 13
15 35
22 43
43 49
30 6
35 28
37 23
14 21
43 21
33 27
10 26
16 3
19 29
5 30
23 42
50 42
41 22
23 23
1 25
38 24
25 8
25 20
46 28
41 17
47 31
21 48
3 29
38 3
20 38
44 45
46 39
48 18
37 19
32 18
33 29
14 48
37 10
30 19
30 41
11 49
16 36
23 9
9 6
10 25
49 47
45 5
36 28
1 30
26 15
43 27
21 17
47 22
14 12
44 18
47 8
30 28
42 34
47 47
6 11
34 6
23 22
2 50
34 45
12 29
36 3
36 50
4 45
49 14
46 11
46 4
5 6
13 7
5 2
17 7
4 10
50 21
8 10
47 46
11 38
7 37
19 29
37 27
8 25
36 6
21 22
3 15
19 7
44 49
50 32
49 43
24 21
31 19
47 7
32 42
14 43
10 1
11 50
11 4
48 31
27 35
22 41
3 19
34 38
22 2
31 47
10 28
27 42
41 41
10 28
13 3
33 41
14 42
39 24
44 35
18 3
7 27
42 47
2 37
6 19
23 25
50 42
17 29
40 5
10 34
48 49
46 26
40 44
7 23
8 9
22 35
44 29
37 33
2 34
24 3
38 27
21 50
18 37
11 21
1 22
5 20
36 13
9 42
1 19
35 13
37 27
2 20
42 31
43 28
50 10
50 16
23 12
9 1
42 38
50 33
9 7
16 28
12 31
1 15
22 9
7 6
4 14
29 18
9 29
7 29
32 19
45 9
19 12
39 23
38 33
14 38
21 4
30 42
45 44
19 49
45 10
29 17
49 10
19 11
17 10
44 9
21 1
45 47
13 13
43 39
39 42
18 49
45 42
29 41
46 7
3 45
2 48
31 20
25 1
2 8
20 24
45 48
50 47
4 25
32 17
27 25
34 50
47 34
46 27
39 43
21 46
25 41
19 48
26 48
45 19
34 40
33 22
31 33
48 45
48 24
4 39
48 17
7 25
40 20
18 3
13 37
3 48
46 12
36 19
31 41
49 19
21 28
11 21
12 42
21 32
38 5
14 47
49 24
8 48
18 9
2 26
19 40
7 33
44 49
18 35
18 10
26 13
4 5
10 1
34 13
37 13
6 30
9 20
46 29
46 39
48 24
15 4
49 40
39 21
37 7
14 1
11 44
39 34
30 37
11 12
33 19
46 40
2 38
33 24
39 8
22 11
25 15
17 39
10 18
17 32
10 7
45 7
36 3
47 33
17 2
7 31
25 29
50 15
47 26
40 20
47 22
19 10
48 5
1 21
49 10
40 14
19 6
47 37
6 36
4 18
15 21
2 38
18 32
7 36
33 45
45 22
12 45
30 50
40 39
49 3
15 11
49 19
6 1
30 13
7 37
26 37
14 34
10 42
36 13
13 5
1 8
25 38
24 7
25 42
41 7
44 37
28 23
13 45
16 16
23 37
5 23
38 35
21 22
28 39
25 6
24 2
17 46
19 29
32 42
4 12
27 18
9 23
8 37
46 22
15 12
41 41
7 50
15 4
49 28
43 20
17 27
30 25
47 20
28 37
18 45
12 3
46 6
14 27
15 4
10 17
36 12
19 10
25 31
20 35
46 13
40 25
15 11
12 37
10 45
10 1
34 16
4 25
45 16
40 17
43 32
41 22
37 25
28 42
18 39
33 22
14 50
30 46
38 36
15 16
46 12
23 47
19 14
12 3
14 48
30 5
23 32
4 50
22 4
40 50
36 17
43 38
23 35
35 37
45 37
40 22
48 49
36 46
48 5
17 23
39 7
2 23
9 28
45 28
38 6
37 17
31 36
34 21
14 1
23 5
32 37
23 33
12 11
44 18
34 44
42 43
31 42
25 33
35 31
50 30
31 32
12 35
42 37
35 9
49 24
41 34
11 37
40 41
20 43
35 17
25 28
19 49
49 24
22 14
27 45
3 16
18 6
20 34
27 7
3 40
40 23
30 27
49 44
48 2
7 12
48 45
37 28
47 45
31 50
17 40
12 45
1 11
5 7
27 24
13 18
40 35
38 40
24 21
35 36
14 40
29 15
12 38
44 39
49 18
7 4
9 40
4 16
48 50
12 7
9 13
32 35
43 8
28 4
22 48
42 20
33 44
10 31
17 45
36 12
43 16
50 15
8 5
1 49
12 43
34 36
7 44
18 15
36 12
20 38
31 42
46 4
27 36
13 19
36 31
40 8
46 8
36 16
39 25
41 27
41 7
1 11
21 5
42 3
6 31
38 38
5 17
27 27
34 1
17 11
45 30
20 9
30 26
41 30
17 6
16 21
6 14
29 43
45 4
44 4
50 46
46 41
27 3
19 31
16 10
9 12
25 3
10 22
34 17
31 9
22 21
49 12
28 32
37 34
37 28
34 43
10 3
8 41
20 32
40 33
45 13
40 17
11 32
32 27
39 47
39 41
45 5
37 20
20 11
47 22
48 15
9 23
9 34
44 39
40 30
14 6
27 28
21 29
3 43
5 50
21 42
36 6
2 48
0 0
45 22
40 1
35 42
34 21
4 44
18 26
45 4
44 31
16 10
38 9
27 44
14 42
48 1
1 46
24 42
49 43
37 40
34 30
48 8
22 2
17 25
12 30
6 37
48 21
50 48
22 19
26 39
39 39
46 45
30 29
40 22
28 3
8 21
43 46
21 34
43 29
2 25
30 18
13 29
36 18
22 33
30 18
3 4
43 12
50 14
24 31
8 28
49 16
34 8
22 18
45 16
16 7
41 9
47 20
47 12
32 37
1 44
41 26
39 1
32 29
12 47
41 1
33 25
14 28
6 3
18 20
2 12
21 36
19 5
3 37
29 1
8 17
49 10
49 49
41 22
31 13
25 11
40 45
49 22
1 19
3 25
10 22
40 45
41 46
35 3
6 8
3 33
20 1
17 34
48 29
7 14
27 6
3 50
9 15
34 3
26 42
33 31
6 5
19 27
4 23
5 38
28 25
22 11
8 15
12 32
50 11
40 25
42 2
21 6
4 6
13 38
17 33
21 13
50 49
6 3
8 37
23 5
23 12
46 46
25 41
1 32
45 47
1 27
14 18
6 13
27 29
13 19
19 15
5 36
50 19
40 26
45 48
24 27
45 36
24 28
5 44
7 7
41 3
27 24
25 21
31 15
2 2
26 33
26 2
46 11
46 23
36 14
9 34
32 23
48 13
50 29
33 47
10 40
28 1
9 45
13 33
7 22
28 39
38 46
29 38
26 12
11 29
14 28
10 25
28 7
50 45
19 10
46 7
47 28
28 19
15 50
11 10
1 35
41 15
46 20
39 8
38 40
50 2
21 5
6 39
35 19
34 23
20 48
40 48
14 9
14 32
17 39
32 14
40 37
22 4
48 46
12 48
13 24
17 2
26 47
36 14
14 12
16 41
19 45
49 2
30 37
20 37
16 30
12 9
26 17
23 34
19 5
20 14
25 38
49 29
38 48
24 7
22 3
29 43
15 18
1 19
21 40
34 5
14 30
28 45
14 13
25 19
42 11
20 17
19 50
30 37
42 49
24 43
32 14
20 12
22 23
30 33
20 11
22 38
44 26
28 26
1 39
24 26
22 2
13 18
31 9
44 47
28 35
24 38
49 20
20 34
39 17
43 20
34 15
36 28
21 3
22 8
44 40
48 42
40 17
23 34
24 38
43 50
45 35
10 24
30 16
38 48
28 15
22 18
31 5
24 34
44 35
22 35
38 3
12 25
49 50
15 49
50 42
8 44
49 8
16 38
11 46
22 14
34 29
7 23
28 36
20 22
26 28
20 35
2 11
24 19
28 43
43 19
50 50
35 9
35 38
10 18
27 17
45 24
50 28
40 21
41 30
19 22
28 17
43 9
47 39
27 36
11 48
5 4
25 40
23 46
43 5
26 26
44 28
2 45
37 15
15 11
5 18
35 39
16 27
13 8
40 11
45 9
41 46
33 30
47 16
16 13
14 4
29 4
2 23
33 11
36 1
20 30
16 45
28 45
29 17
3 6
41 45
39 41
1 48
25 46
48 9
45 14
19 20
15 3
26 40
29 10
24 8
27 37
23 48
43 33
45 3
38 43
13 18
45 39
32 4
13 20
33 14
16 28
48 35
50 42
5 34
46 15
36 4
42 10
3 9
43 17
0 0
21 15
2 32
14 3
28 47
50 42
22 46
3 7
37 17
10 44
9 31
30 4
5 16
4 1
47 3
0 0
41 31
11 19
27 35
8 18
35 3
35 44
6 28
42 43
11 23
3 32
9 44
3 21
41 27
13 45
7 29
48 30
18 50
38 39
3 46
30 44
27 31
25 25
14 47
46 11
31 7
16 49
37 11
29 23
10 29
20 33
44 31
34 46
10 40
7 33
42 26
43 21
30 29
5 25
13 11
25 47
45 12
47 24
40 21
27 19
29 33
34 13
47 8
50 19
13 41
42 34
37 21
49 2
46 2
32 22
23 50
38 35
20 32
5 46
7 30
32 48
15 13
10 28
17 18
4 18
16 44
32 11
17 23
7 32
8 26
24 23
38 20
18 40
46 29
29 47
11 20
11 48
35 11
11 46
14 9
35 47
19 1
9 45
34 47
49 5
48 27
24 11
46 27
18 33
9 5
26 24
44 49
29 48
35 22
8 50
40 15
3 36
43 42
12 46
49 27
16 42
49 38
30 48
37 48
37 35
27 26
33 31
43 15
19 26
32 30
45 17
24 4
39 10
23 26
39 3
26 48
42 6
41 9
49 42
14 26
45 41
50 33
5 23
12 11
13 1
39 37
21 49
26 18
2 4
9 38
39 44
27 36
28 24
18 26
42 44
28 30
19 45
14 33
9 45
3 4
35 6
0 0
35 31
15 31
7 11
48 1
28 9
16 44
33 39
50 43
14 33
18 35
44 28
31 47
40 17
3 2
47 36
1 27
21 6
38 11
31 8
2 46
38 14
6 39
18 10
50 44
33 47
4 18
40 47
32 17
36 42
36 44
30 24
8 47
36 3
10 49
44 34
21 42
4 31
48 36
7 36
3 44
29 2
6 9
9 43
23 20
21 37
4 9
45 28
26 34
40 1
47 41
1 23
35 18
12 10
37 44
3 1
12 5
19 9
21 24
15 39
11 17
16 13
4 14
21 19
1 14
19 7
28 31
23 19
38 20
32 38
11 49
0 0
46 28
29 32
