2
20 49
28 30
16 36
29 15
17 2
10 9
6 23
19 17
42 38
28 46
50 50
24 13
32 49
34 5
7 24
34 31
44 41
43 13
30 5
30 42
3 5
3 19
4 29
4 44
34 13
3 12
1 48
49 21
13 44
41 28
21 45
29 24
41 13
44 22
0 0
5 45
3 45
41 33
5 26
29 42
7 7
48 10
22 3
45 21
29 25
46 10
9 19
37 31
39 9
44 31
37 42
12 36
5 38
9 36
20 39
37 21
25 50
41 35
10 17
14 17
10 43
32 47
22 48
2 36
39 6
32 25
41 33
8 48
29 26
33 7
2 4
39 9
36 23
49 14
24 31
36 34
14 1
24 27
23 12
35 34
20 11
45 28
20 7
50 21
40 40
17 22
25 18
7 40
48 28
8 30
5 20
8 24
7 25
25 35
3 41
7 3
34 17
39 6
31 5
9 39
14 42
36 20
2 26
25 29
38 8
14 35
11 2
34 49
42 31
30 27
28 2
50 48
34 15
49 44
19 23
7 16
13 35
39 36
12 24
13 8
2 12
43 45
36 3
14 47
40 5
29 24
28 42
47 41
28 14
9 38
11 11
27 50
21 29
24 6
10 49
8 7
10 50
16 22
10 4
13 22
49 28
42 26
40 8
35 38
44 21
25 38
7 2
42 38
42 41
34 34
30 31
3 3
30 17
46 32
2 44
36 13
11 6
16 1
22 45
48 25
43 39
20 4
9 26
26 39
14 44
18 16
30 26
9 47
35 36
28 19
47 2
36 39
9 48
8 31
46 13
34 40
9 10
9 18
7 44
41 17
45 36
42 6
38 24
38 28
20 36
16 13
5 19
41 20
45 40
39 35
9 38
2 33
46 33
34 23
9 21
36 31
15 40
49 15
50 27
12 23
13 20
40 8
18 19
44 21
9 24
8 39
43 50
1 6
27 30
17 12
9 48
28 7
40 34
24 8
15 44
14 42
30 30
15 44
32 6
14 28
42 32
5 44
15 34
32 41
25 18
43 27
23 20
22 1
21 23
33 17
39 24
39 25
25 36
44 34
14 6
31 39
40 6
18 10
49 19
17 5
22 17
39 43
2 44
27 21
11 33
5 17
10 24
25 29
35 45
43 48
2 50
21 18
15 25
16 16
15 38
28 10
16 23
28 18
17 13
31 23
3 33
6 20
38 6
43 42
20 7
27 28
16 12
39 45
20 46
6 38
12 36
49 37
43 2
11 6
42 14
22 12
41 30
9 20
50 9
36 35
24 25
17 44
15 10
16 35
27 46
44 20
34 45
18 33
23 33
48 29
37 39
45 6
7 23
3 25
30 44
44 45
46 34
15 2
46 28
12 12
41 45
31 3
1 19
27 41
30 16
15 41
1 39
39 42
16 3
12 43
48 44
22 9
22 17
50 4
41 31
34 23
8 20
28 42
46 9
8 20
46 26
47 28
50 5
9 23
23 17
37 46
23 22
15 8
3 21
47 20
50 19
11 9
40 22
41 13
12 3
37 48
34 44
7 9
4 18
17 47
21 19
24 25
48 27
47 46
34 13
40 35
48 39
42 28
4 8
38 35
27 26
4 48
9 24
36 50
36 17
21 49
48 20
46 32
1 48
39 4
8 38
12 13
23 7
11 40
4 27
32 14
33 1
10 27
44 16
38 34
40 31
26 26
36 40
36 22
14 19
6 48
21 12
19 22
21 30
24 13
14 3
46 2
34 37
50 43
45 37
43 44
10 15
13 11
21 37
44 14
4 43
6 5
23 40
2 26
24 41
22 7
41 13
17 1
30 33
13 49
24 32
27 10
47 11
25 13
1 30
25 42
9 17
25 7
4 4
4 39
31 13
16 41
33 11
24 45
10 33
35 15
8 21
44 12
19 6
48 46
2 8
16 8
35 42
50 49
0 0
16 28
21 39
