9
3 4
3 2 16
3 2 2
2 3 14
3 2 1
10 3
7 5 16
10 7 8
6 8 4
4 1
1 3 7
3 6
3 2 14
1 3 9
1 3 17
1 2 20
1 2 11
3 1 12
6 9
5 3 10
5 1 12
6 1 7
5 1 15
2 5 16
5 2 4
3 4 19
6 2 9
2 4 18
10 91
8 2 19
1 6 15
9 6 14
1 9 4
2 5 17
4 9 17
5 7 5
4 6 19
6 9 2
1 2 2
2 5 15
4 8 1
9 10 16
6 2 6
4 5 5
7 9 20
6 5 12
5 9 20
5 8 6
5 1 16
4 9 11
9 10 3
3 7 12
4 8 13
1 4 20
5 2 13
9 1 6
6 3 19
4 8 6
4 6 6
3 6 15
3 1 8
5 10 16
4 9 18
8 1 18
8 9 2
5 4 17
5 2 7
4 10 9
5 4 14
5 3 2
5 7 20
5 10 10
1 4 5
7 2 12
4 9 11
9 1 2
5 9 12
8 7 16
2 1 9
1 10 13
7 9 3
9 10 3
4 2 3
2 8 8
1 7 20
7 8 15
1 7 9
4 10 4
9 7 3
3 8 11
10 6 1
6 9 14
2 7 18
3 4 9
9 2 17
9 1 13
7 1 14
5 4 16
5 6 20
3 2 12
7 9 11
4 1 4
10 6 9
9 7 19
5 4 13
1 5 5
2 3 12
3 1 4
8 5 18
10 2 18
8 4 12
3 5 7
8 1 11
2 4 7
9 5 3
8 7 7
10 6 17
4 7 13
3 8 20
10 9 16
6 31
4 3 5
1 4 3
6 3 9
1 3 13
5 1 4
4 6 13
4 6 9
4 5 19
5 4 5
5 4 20
6 2 4
3 4 8
5 6 3
6 4 1
1 2 7
1 6 11
3 4 19
3 1 19
5 2 14
1 6 8
4 1 12
6 2 15
3 6 19
4 3 19
4 6 2
6 5 5
4 1 3
1 6 18
6 4 15
4 2 11
4 3 14
2 2
2 1 5
1 2 3
5 16
4 5 3
5 2 3
4 2 9
3 5 14
5 3 14
1 4 4
5 2 13
1 2 4
3 1 17
4 2 2
2 3 7
5 2 14
2 5 10
2 1 10
2 3 3
5 1 1
